,STNNBR,CASTNO,SAMPNO,EXPOCODE,SECT_ID,BTLNBR,BTLNBR_FLAG_W,DATE,TIME,LATITUDE,LONGITUDE,DEPTH,CTDPRS,CTDTMP,SBE35,SBE35_FLAG_W,CTDSAL,CTDSAL_FLAG_W,SALNTY,SALNTY_FLAG_W,CTDOXY,CTDOXY_FLAG_W,OXYGEN,OXYGEN_FLAG_W,SILCAT,SILCAT_FLAG_W,NITRAT,NITRAT_FLAG_W,NITRIT,NITRIT_FLAG_W,PHSPHT,PHSPHT_FLAG_W,NH4,NH4_FLAG_W,CFC-11,CFC-11_FLAG_W,CFC-12,CFC-12_FLAG_W,CFC113,CFC113_FLAG_W,SF6,SF6_FLAG_W,TCARBN,TCARBN_FLAG_W,ALKALI,ALKALI_FLAG_W,DOC,DOC_FLAG_W,CHLWELSH,CHLWELSH_FLAG_W,UREA,UREA_FLAG_W,IODATE,IODATE_FLAG_W,PAR,PAR_FLAG_W,PAR.1,PAR_FLAG_W.1,CDOM,CDOM_FLAG_W,CDOM300,CDOM300_FLAG_W,CDOM325,CDOM325_FLAG_W,CDOM443,CDOM443_FLAG_W,CTDFLUOR,CTDFLUOR_FLAG_W,CTDXMISS,CTDXMISS_FLAG_W,SBE35.1,SBE35_FLAG_W.1,CTDDPT,[N2O] (nmol/L),N2O_FLAG_W,N2O,woce_lines,startDate,endDate,source
0,2.0,1.0,36.0,,  I08N,1236.0,2.0,20191205.0,1324.0,5.8719,79.987,824,10.2,28.9854,28.9849,2.0,33.3528,2.0,33.3572,2.0,194.4,2.0,195.6,2.0,1.7,2.0,0.04,2.0,0.02,2.0,0.07,2.0,0.06,2.0,1.343,2.0,0.9,2.0,0.103,2.0,1.686,2.0,1907.3,2.0,2207.7,2.0,80.1,2.0,0.97,2.0,72.7,2.0,158.6,2.0,0.433,2.0,0.433,2.0,1.295,1.0,0.377,2.0,0.196,2.0,0.023,2.0,1.042,2.0,95.733,2.0,28.9849,2.0,10.2,,9.0,,['I08N'],2019-12-05,2019-12-27,Akiko
1,2.0,1.0,35.0,,  I08N,1235.0,2.0,20191205.0,1324.0,5.8719,79.987,824,49.6,27.9675,27.9653,2.0,34.4119,2.0,34.4133,2.0,152.4,2.0,153.6,2.0,3.69,2.0,3.7,2.0,0.42,2.0,0.4,2.0,0.04,2.0,1.321,2.0,0.89,2.0,0.083,2.0,1.507,2.0,1993.2,2.0,2256.6,2.0,72.9,2.0,0.56,2.0,38.3,2.0,281.3,2.0,0.0,2.0,0.0,2.0,1.437,1.0,0.421,2.0,0.233,2.0,0.035,2.0,0.69,2.0,98.198,2.0,27.9653,2.0,49.3,13.640156434817566,2.0,13.344221419920123,['I08N'],2019-12-05,2019-12-27,Akiko
2,2.0,1.0,34.0,,  I08N,1234.0,2.0,20191205.0,1324.0,5.8719,79.987,824,99.6,21.7518,21.7494,2.0,34.9119,2.0,34.9142,2.0,39.1,2.0,39.5,2.0,15.32,2.0,21.86,2.0,0.03,2.0,1.58,2.0,0.05,2.0,1.324,2.0,0.82,2.0,0.023,2.0,0.982,2.0,2154.3,2.0,2280.3,2.0,61.0,2.0,0.1,2.0,36.3,2.0,371.9,2.0,0.0,2.0,0.0,2.0,1.607,1.0,0.41,2.0,0.237,2.0,0.042,2.0,0.124,2.0,99.38,2.0,21.7494,2.0,99.0,,9.0,,['I08N'],2019-12-05,2019-12-27,Akiko
3,2.0,1.0,33.0,,  I08N,1233.0,2.0,20191205.0,1324.0,5.8719,79.987,824,150.1,16.3523,16.3511,2.0,34.9442,2.0,34.9458,2.0,15.1,2.0,15.0,2.0,26.06,2.0,28.81,2.0,0.01,2.0,2.08,2.0,0.04,2.0,1.129,2.0,0.679,2.0,0.011,2.0,0.57,2.0,2223.2,2.0,2295.6,2.0,55.0,2.0,0.02,2.0,,9.0,410.6,2.0,0.0,2.0,0.0,2.0,1.65,1.0,0.408,2.0,0.238,2.0,0.044,2.0,0.001,2.0,99.565,2.0,16.3511,2.0,149.2,62.174576103233655,2.0,60.581790091863006,['I08N'],2019-12-05,2019-12-27,Akiko
4,2.0,1.0,32.0,,  I08N,1232.0,2.0,20191205.0,1324.0,5.8719,79.987,824,200.1,14.2253,14.2093,2.0,35.0118,2.0,35.0183,2.0,15.2,2.0,15.8,2.0,29.19,2.0,30.74,2.0,0.0,2.0,2.21,2.0,0.05,2.0,1.107,2.0,0.644,2.0,0.01,2.0,0.404,2.0,2247.0,2.0,2303.7,2.0,48.6,2.0,0.01,2.0,81.3,2.0,416.7,2.0,0.0,2.0,0.0,2.0,1.677,1.0,0.387,2.0,0.223,2.0,0.043,2.0,-0.003,2.0,99.565,2.0,14.2093,2.0,198.9,,9.0,,['I08N'],2019-12-05,2019-12-27,Akiko
5,2.0,1.0,31.0,,  I08N,1231.0,2.0,20191205.0,1324.0,5.8719,79.987,824,248.5,12.8624,12.8592,2.0,35.0705,2.0,35.0778,2.0,21.5,2.0,23.0,2.0,29.43,2.0,31.16,2.0,0.0,2.0,2.21,2.0,0.03,2.0,1.187,2.0,0.671,2.0,0.003,2.0,0.392,2.0,2252.0,2.0,2314.9,2.0,48.1,2.0,0.01,2.0,39.0,2.0,444.7,2.0,0.0,2.0,0.0,2.0,1.653,1.0,,9.0,,9.0,,9.0,0.0,2.0,99.53,2.0,12.8592,2.0,246.9,57.679441932601826,2.0,56.13083284787878,['I08N'],2019-12-05,2019-12-27,Akiko
6,2.0,1.0,30.0,,  I08N,1230.0,2.0,20191205.0,1324.0,5.8719,79.987,824,299.5,11.7352,11.7372,2.0,35.1124,2.0,35.1124,2.0,29.7,2.0,30.0,2.0,31.01,2.0,31.85,2.0,0.0,2.0,2.22,2.0,0.02,2.0,1.189,2.0,0.662,2.0,0.007,2.0,0.363,2.0,2263.6,2.0,2315.9,2.0,53.4,2.0,,9.0,25.8,2.0,414.6,2.0,0.0,2.0,0.0,2.0,1.643,1.0,0.383,2.0,0.219,2.0,0.043,2.0,0.004,2.0,99.435,2.0,11.7372,2.0,297.6,,9.0,,['I08N'],2019-12-05,2019-12-27,Akiko
7,2.0,1.0,29.0,,  I08N,1229.0,2.0,20191205.0,1324.0,5.8719,79.987,824,399.3,10.6964,10.702,2.0,35.0795,2.0,35.0794,2.0,22.8,2.0,23.0,2.0,39.8,2.0,34.16,2.0,0.0,2.0,2.41,2.0,0.04,2.0,0.751,2.0,0.417,2.0,0.004,2.0,0.205,2.0,2275.9,2.0,2325.3,2.0,50.2,2.0,,9.0,10.6,2.0,414.6,2.0,0.0,2.0,0.0,2.0,1.675,1.0,0.385,2.0,0.225,2.0,0.046,2.0,0.004,2.0,99.572,2.0,10.702,2.0,396.7,50.694475746262256,2.0,49.280533701281875,['I08N'],2019-12-05,2019-12-27,Akiko
8,2.0,1.0,28.0,,  I08N,1228.0,2.0,20191205.0,1324.0,5.8719,79.987,824,500.5,10.0334,10.0332,2.0,35.0612,2.0,35.0603,2.0,20.0,2.0,20.6,2.0,47.04,2.0,35.4,2.0,0.01,2.0,2.54,2.0,0.04,2.0,0.485,2.0,0.273,2.0,0.0,2.0,0.12,2.0,2290.2,2.0,2328.8,2.0,49.3,2.0,,9.0,53.5,2.0,431.7,2.0,0.0,2.0,0.0,2.0,1.684,1.0,0.386,2.0,0.223,2.0,0.046,2.0,0.004,2.0,99.599,2.0,10.0332,2.0,497.1,,9.0,,['I08N'],2019-12-05,2019-12-27,Akiko
9,2.0,1.0,27.0,,  I08N,1227.0,2.0,20191205.0,1324.0,5.8719,79.987,824,599.3,9.599,9.5994,2.0,35.0522,2.0,35.0526,2.0,20.2,2.0,19.9,2.0,51.61,2.0,36.12,2.0,0.0,2.0,2.61,2.0,0.05,2.0,0.354,2.0,0.203,2.0,0.001,2.0,0.063,2.0,2291.3,2.0,2332.4,2.0,50.1,2.0,,9.0,19.8,2.0,431.7,2.0,0.0,2.0,0.0,2.0,1.687,1.0,0.393,2.0,0.235,2.0,0.054,2.0,0.004,2.0,99.641,2.0,9.5994,2.0,595.1,46.46603658303657,2.0,45.122878074712446,['I08N'],2019-12-05,2019-12-27,Akiko
10,2.0,1.0,26.0,,  I08N,1226.0,2.0,20191205.0,1324.0,5.8719,79.987,824,698.8,8.3887,8.3946,2.0,35.0097,2.0,35.0092,2.0,27.1,2.0,27.2,2.0,64.99,2.0,37.15,2.0,0.0,2.0,2.72,2.0,0.04,2.0,0.166,2.0,0.097,2.0,0.0,2.0,0.034,2.0,2304.1,6.0,2348.9,2.0,48.9,2.0,,9.0,33.7,2.0,450.3,2.0,0.0,2.0,0.0,2.0,1.721,1.0,,9.0,,9.0,,9.0,0.002,2.0,99.673,2.0,8.3946,2.0,693.8,,9.0,,['I08N'],2019-12-05,2019-12-27,Akiko
11,2.0,1.0,15.0,,  I08N,1215.0,2.0,20191205.0,1324.0,5.8719,79.987,824,10.1,28.9899,28.9896,2.0,33.3544,2.0,,9.0,194.4,2.0,,9.0,,9.0,,9.0,,9.0,,9.0,,9.0,,9.0,,9.0,,9.0,,9.0,,9.0,,9.0,,9.0,,9.0,,9.0,,9.0,0.347,2.0,0.347,2.0,1.303,1.0,,9.0,,9.0,,9.0,1.09,2.0,95.682,2.0,28.9896,2.0,,,,,['I08N'],2019-12-05,2019-12-27,Akiko
12,2.0,1.0,14.0,,  I08N,1214.0,2.0,20191205.0,1324.0,5.8719,79.987,824,50.3,27.9555,27.9538,2.0,34.4142,2.0,,9.0,152.2,2.0,,9.0,,9.0,,9.0,,9.0,,9.0,,9.0,,9.0,,9.0,,9.0,,9.0,,9.0,,9.0,,9.0,,9.0,,9.0,,9.0,0.0,2.0,0.0,2.0,1.432,1.0,,9.0,,9.0,,9.0,0.659,2.0,98.198,2.0,27.9538,2.0,,,,,['I08N'],2019-12-05,2019-12-27,Akiko
13,2.0,1.0,2.0,,  I08N,12046.0,2.0,20191205.0,1324.0,5.8719,79.987,824,12.0,28.9974,28.9958,2.0,33.3614,2.0,33.3689,2.0,193.8,2.0,195.1,2.0,1.7,2.0,0.03,2.0,0.03,2.0,0.06,2.0,0.02,2.0,,9.0,,9.0,,9.0,,9.0,1910.8,2.0,2212.5,2.0,88.9,2.0,1.06,2.0,41.4,2.0,,9.0,0.005,2.0,0.005,2.0,1.317,1.0,0.399,2.0,0.221,2.0,0.039,2.0,1.107,2.0,95.867,2.0,28.9958,2.0,11.9,,9.0,,['I08N'],2019-12-05,2019-12-27,Akiko
14,2.0,1.0,1.0,,  I08N,1201.0,2.0,20191205.0,1324.0,5.8719,79.987,824,820.0,7.9047,7.9053,2.0,34.9893,2.0,34.9888,2.0,31.4,2.0,31.1,2.0,71.05,2.0,37.46,2.0,0.0,2.0,2.74,2.0,0.03,2.0,0.116,2.0,0.065,2.0,0.001,2.0,0.016,2.0,2311.7,2.0,2353.0,2.0,44.3,2.0,,9.0,26.1,2.0,,9.0,0.0,2.0,0.0,2.0,1.728,1.0,0.375,2.0,0.224,2.0,0.048,2.0,0.002,2.0,99.681,2.0,7.9053,2.0,813.9,40.23433110463801,2.0,39.02454914895193,['I08N'],2019-12-05,2019-12-27,Akiko
15,3.0,1.0,36.0,,  I08N,1236.0,2.0,20191205.0,1733.0,5.7919,79.994,1390,10.3,28.9133,28.9142,2.0,32.7067,2.0,32.6824,2.0,195.2,2.0,196.0,2.0,2.14,2.0,0.01,2.0,0.02,2.0,0.04,2.0,0.03,2.0,1.436,2.0,0.901,2.0,0.12,2.0,1.653,2.0,1885.7,2.0,2182.0,2.0,,9.0,0.63,2.0,,9.0,,9.0,0.001,2.0,0.001,2.0,1.304,1.0,,9.0,,9.0,,9.0,0.662,2.0,97.05,2.0,28.9142,2.0,,,,,['I08N'],2019-12-05,2019-12-27,Akiko
16,3.0,1.0,35.0,,  I08N,1235.0,2.0,20191205.0,1733.0,5.7919,79.994,1390,50.6,27.5274,27.5281,2.0,34.5252,2.0,34.5287,2.0,139.9,2.0,140.7,2.0,4.38,2.0,5.28,2.0,0.43,2.0,0.51,2.0,0.04,2.0,1.404,2.0,0.887,2.0,0.093,2.0,1.279,2.0,2016.2,2.0,2265.3,2.0,,9.0,0.52,2.0,,9.0,,9.0,0.0,2.0,0.0,2.0,1.467,1.0,,9.0,,9.0,,9.0,0.611,2.0,98.293,2.0,27.5281,2.0,,,,,['I08N'],2019-12-05,2019-12-27,Akiko
17,3.0,1.0,34.0,,  I08N,1234.0,2.0,20191205.0,1733.0,5.7919,79.994,1390,100.7,21.334,21.3423,2.0,34.9195,2.0,34.9199,2.0,35.8,2.0,36.4,2.0,16.2,2.0,22.56,2.0,0.02,2.0,1.63,2.0,0.04,2.0,1.315,2.0,0.809,2.0,0.016,2.0,0.922,2.0,2176.3,2.0,2286.9,2.0,,9.0,0.07,2.0,,9.0,,9.0,0.0,2.0,0.0,2.0,1.607,1.0,,9.0,,9.0,,9.0,0.11,2.0,99.444,2.0,21.3423,2.0,,,,,['I08N'],2019-12-05,2019-12-27,Akiko
18,3.0,1.0,33.0,,  I08N,1233.0,2.0,20191205.0,1733.0,5.7919,79.994,1390,150.1,16.0523,16.0587,2.0,34.9502,2.0,34.9504,2.0,14.9,2.0,14.8,2.0,26.23,2.0,28.98,2.0,0.0,2.0,2.1,2.0,0.02,2.0,1.138,2.0,0.664,2.0,0.004,2.0,0.515,2.0,2230.9,2.0,2295.2,2.0,,9.0,0.01,2.0,,9.0,,9.0,0.0,2.0,0.0,2.0,1.66,1.0,,9.0,,9.0,,9.0,-0.003,2.0,99.561,2.0,16.0587,2.0,,,,,['I08N'],2019-12-05,2019-12-27,Akiko
19,3.0,1.0,32.0,,  I08N,1232.0,2.0,20191205.0,1733.0,5.7919,79.994,1390,199.5,13.6664,13.6697,2.0,35.0534,2.0,35.0551,2.0,11.3,2.0,11.0,2.0,29.28,2.0,31.36,2.0,0.0,2.0,2.26,2.0,0.03,2.0,1.147,2.0,0.645,2.0,0.01,2.0,0.388,2.0,2259.1,2.0,2309.1,2.0,,9.0,0.01,2.0,,9.0,,9.0,0.0,2.0,0.0,2.0,1.672,1.0,,9.0,,9.0,,9.0,-0.002,2.0,99.635,2.0,13.6697,2.0,,,,,['I08N'],2019-12-05,2019-12-27,Akiko
20,3.0,1.0,31.0,,  I08N,1231.0,2.0,20191205.0,1733.0,5.7919,79.994,1390,248.5,12.6181,12.6185,2.0,35.1167,2.0,35.1166,2.0,27.2,2.0,27.2,2.0,27.77,2.0,30.81,2.0,0.0,2.0,2.17,2.0,0.04,2.0,1.341,2.0,0.749,2.0,0.014,2.0,0.381,2.0,2262.2,2.0,2310.1,2.0,,9.0,0.01,2.0,,9.0,,9.0,0.0,2.0,0.0,2.0,1.627,1.0,,9.0,,9.0,,9.0,0.003,2.0,99.564,2.0,12.6185,2.0,,,,,['I08N'],2019-12-05,2019-12-27,Akiko
21,3.0,1.0,30.0,,  I08N,1230.0,2.0,20191205.0,1733.0,5.7919,79.994,1390,328.5,11.3821,11.3883,2.0,35.1205,2.0,35.1193,2.0,27.3,2.0,27.3,2.0,32.96,2.0,32.57,2.0,0.0,2.0,2.29,2.0,0.02,2.0,1.086,2.0,0.601,2.0,0.007,2.0,0.301,2.0,2274.0,2.0,2321.3,2.0,,9.0,,9.0,,9.0,,9.0,0.0,2.0,0.0,2.0,1.647,1.0,,9.0,,9.0,,9.0,0.006,2.0,99.549,2.0,11.3883,2.0,,,,,['I08N'],2019-12-05,2019-12-27,Akiko
22,3.0,1.0,29.0,,  I08N,1229.0,2.0,20191205.0,1733.0,5.7919,79.994,1390,430.0,10.563,10.5643,2.0,35.0692,2.0,35.0685,2.0,22.1,2.0,21.7,2.0,42.17,2.0,34.79,2.0,0.0,2.0,2.47,2.0,0.02,2.0,0.638,2.0,0.363,2.0,0.005,2.0,0.102,2.0,2282.5,2.0,2325.3,2.0,,9.0,,9.0,,9.0,,9.0,0.0,2.0,0.0,2.0,1.668,1.0,,9.0,,9.0,,9.0,0.005,2.0,99.549,2.0,10.5643,2.0,,,,,['I08N'],2019-12-05,2019-12-27,Akiko
23,3.0,1.0,28.0,,  I08N,1228.0,2.0,20191205.0,1733.0,5.7919,79.994,1390,528.6,9.6994,9.7007,2.0,35.0429,2.0,35.0431,2.0,18.8,2.0,19.0,2.0,50.64,2.0,36.07,2.0,0.0,2.0,2.59,2.0,0.03,2.0,0.388,2.0,0.213,2.0,0.005,2.0,0.105,2.0,2298.0,2.0,2333.3,2.0,,9.0,,9.0,,9.0,,9.0,0.0,2.0,0.0,2.0,1.692,1.0,,9.0,,9.0,,9.0,0.005,2.0,99.641,2.0,9.7007,2.0,,,,,['I08N'],2019-12-05,2019-12-27,Akiko
24,3.0,1.0,27.0,,  I08N,1227.0,2.0,20191205.0,1733.0,5.7919,79.994,1390,632.9,9.3357,9.3355,2.0,35.0498,2.0,35.0476,2.0,19.4,2.0,19.7,2.0,55.57,2.0,36.52,2.0,0.0,2.0,2.65,2.0,0.03,2.0,0.273,2.0,0.161,2.0,0.004,2.0,0.075,2.0,2300.9,2.0,2337.1,2.0,,9.0,,9.0,,9.0,,9.0,0.0,2.0,0.0,2.0,1.698,1.0,,9.0,,9.0,,9.0,0.004,2.0,99.677,2.0,9.3355,2.0,,,,,['I08N'],2019-12-05,2019-12-27,Akiko
25,3.0,1.0,26.0,,  I08N,1226.0,2.0,20191205.0,1733.0,5.7919,79.994,1390,729.9,8.3113,8.3098,2.0,35.0078,2.0,35.0073,2.0,27.1,2.0,27.1,2.0,66.32,2.0,37.16,2.0,0.0,2.0,2.72,2.0,0.03,2.0,0.161,2.0,0.087,2.0,0.002,2.0,0.035,2.0,2317.6,6.0,2347.5,2.0,,9.0,,9.0,,9.0,,9.0,0.0,2.0,0.0,2.0,1.711,1.0,,9.0,,9.0,,9.0,0.003,2.0,99.681,2.0,8.3098,2.0,,,,,['I08N'],2019-12-05,2019-12-27,Akiko
26,3.0,1.0,25.0,,  I08N,1225.0,2.0,20191205.0,1733.0,5.7919,79.994,1390,829.9,7.5536,7.5558,2.0,34.9757,2.0,34.9757,2.0,34.2,2.0,34.6,2.0,74.8,2.0,37.69,2.0,0.0,2.0,2.74,2.0,0.03,2.0,0.095,2.0,0.05,2.0,0.0,2.0,0.025,2.0,2324.3,3.0,2356.3,2.0,,9.0,,9.0,,9.0,,9.0,0.0,2.0,0.0,2.0,1.72,1.0,,9.0,,9.0,,9.0,0.002,2.0,99.768,2.0,7.5558,2.0,,,,,['I08N'],2019-12-05,2019-12-27,Akiko
27,3.0,1.0,24.0,,  I08N,1224.0,2.0,20191205.0,1733.0,5.7919,79.994,1390,930.1,6.9987,7.0041,2.0,34.9517,2.0,34.9505,2.0,40.5,2.0,41.3,2.0,81.52,2.0,37.81,2.0,0.0,2.0,2.76,2.0,0.02,2.0,0.069,2.0,0.035,2.0,0.0,2.0,0.006,2.0,2324.5,2.0,2362.4,2.0,,9.0,,9.0,,9.0,,9.0,0.0,2.0,0.0,2.0,1.728,1.0,,9.0,,9.0,,9.0,0.002,2.0,99.787,2.0,7.0041,2.0,,,,,['I08N'],2019-12-05,2019-12-27,Akiko
28,3.0,1.0,23.0,,  I08N,1223.0,2.0,20191205.0,1733.0,5.7919,79.994,1390,1069.1,6.4331,6.4335,2.0,34.9317,2.0,34.9316,2.0,49.1,2.0,49.2,2.0,86.88,2.0,37.56,2.0,0.0,2.0,2.75,2.0,0.02,2.0,0.051,2.0,0.024,2.0,0.002,2.0,0.008,2.0,2325.1,2.0,2369.7,2.0,,9.0,,9.0,,9.0,,9.0,0.0,2.0,0.0,2.0,1.73,1.0,,9.0,,9.0,,9.0,0.001,2.0,99.848,2.0,6.4335,2.0,,,,,['I08N'],2019-12-05,2019-12-27,Akiko
29,3.0,1.0,22.0,,  I08N,1222.0,2.0,20191205.0,1733.0,5.7919,79.994,1390,1269.2,5.5872,5.5889,2.0,34.8924,2.0,34.8919,2.0,60.9,2.0,61.6,2.0,97.37,2.0,37.78,2.0,0.0,2.0,2.76,2.0,0.02,2.0,0.034,2.0,0.017,2.0,0.0,2.0,0.002,2.0,2330.9,2.0,2378.4,6.0,,9.0,,9.0,,9.0,,9.0,0.0,2.0,0.0,2.0,1.731,1.0,,9.0,,9.0,,9.0,0.002,2.0,99.867,2.0,5.5889,2.0,,,,,['I08N'],2019-12-05,2019-12-27,Akiko
30,3.0,1.0,2.0,,  I08N,12046.0,2.0,20191205.0,1733.0,5.7919,79.994,1390,23.6,29.0611,29.0642,2.0,33.4865,2.0,33.4364,2.0,187.7,2.0,190.6,2.0,1.85,2.0,0.24,2.0,0.07,2.0,0.08,2.0,0.05,2.0,,9.0,,9.0,,9.0,,9.0,1916.1,2.0,2216.0,2.0,,9.0,0.94,2.0,,9.0,,9.0,0.0,2.0,0.0,2.0,1.299,1.0,,9.0,,9.0,,9.0,0.93,2.0,96.679,2.0,29.0642,2.0,,,,,['I08N'],2019-12-05,2019-12-27,Akiko
31,3.0,1.0,1.0,,  I08N,1201.0,2.0,20191205.0,1733.0,5.7919,79.994,1390,1393.9,5.0603,5.0607,2.0,34.8729,2.0,34.873,2.0,69.5,2.0,69.2,2.0,103.05,2.0,37.86,2.0,0.0,2.0,2.75,2.0,0.03,2.0,0.028,2.0,0.018,2.0,0.002,2.0,0.049,2.0,2333.7,2.0,2380.6,2.0,,9.0,,9.0,,9.0,,9.0,0.0,2.0,0.0,2.0,1.736,1.0,,9.0,,9.0,,9.0,0.001,2.0,99.894,2.0,5.0607,2.0,,,,,['I08N'],2019-12-05,2019-12-27,Akiko
32,5.0,1.0,36.0,,  I08N,1236.0,2.0,20191206.0,36.0,5.6659,80.0067,3233,10.4,28.7944,28.7945,2.0,32.7733,2.0,32.7628,2.0,196.5,2.0,197.0,2.0,1.79,2.0,0.02,2.0,0.01,2.0,0.03,2.0,0.02,2.0,1.315,2.0,0.846,2.0,0.112,2.0,1.452,2.0,1879.9,2.0,2179.6,2.0,72.2,2.0,0.25,2.0,51.4,2.0,184.7,2.0,146.826,2.0,146.826,2.0,1.215,1.0,0.265,2.0,0.133,2.0,0.02,2.0,0.149,2.0,98.36,2.0,28.7945,2.0,,,,,['I08N'],2019-12-05,2019-12-27,Akiko
33,5.0,1.0,35.0,,  I08N,1235.0,2.0,20191206.0,36.0,5.6659,80.0067,3233,50.2,26.2486,26.2468,2.0,34.691,2.0,34.6942,2.0,107.0,2.0,107.0,2.0,6.83,2.0,10.24,2.0,0.25,2.0,0.82,2.0,0.03,2.0,1.273,2.0,0.811,2.0,0.065,2.0,1.279,2.0,2057.3,2.0,2272.5,2.0,57.6,2.0,0.29,2.0,30.6,2.0,359.4,2.0,6.556,2.0,6.556,2.0,1.552,1.0,0.373,2.0,0.229,2.0,0.031,2.0,0.497,2.0,98.705,2.0,26.2468,2.0,,,,,['I08N'],2019-12-05,2019-12-27,Akiko
34,5.0,1.0,34.0,,  I08N,1234.0,2.0,20191206.0,36.0,5.6659,80.0067,3233,99.6,21.2734,21.291,2.0,34.9072,2.0,34.9073,2.0,36.6,2.0,39.1,2.0,16.23,2.0,22.26,2.0,0.03,2.0,1.62,2.0,0.03,2.0,1.203,2.0,0.753,2.0,0.022,2.0,0.905,2.0,2164.2,2.0,2287.0,2.0,48.9,2.0,0.07,2.0,16.7,2.0,438.1,2.0,0.067,2.0,0.067,2.0,1.625,1.0,0.358,2.0,0.212,2.0,0.038,2.0,0.091,2.0,99.414,2.0,21.291,2.0,,,,,['I08N'],2019-12-05,2019-12-27,Akiko
35,5.0,1.0,33.0,,  I08N,1233.0,2.0,20191206.0,36.0,5.6659,80.0067,3233,150.3,16.0809,16.2029,2.0,34.9788,2.0,34.974,2.0,14.5,2.0,14.6,2.0,25.4,2.0,28.8,2.0,0.01,2.0,2.09,2.0,0.01,2.0,1.072,2.0,0.644,2.0,0.005,2.0,0.529,2.0,2229.7,2.0,2300.9,2.0,38.9,2.0,0.01,2.0,36.1,2.0,462.1,2.0,0.0,2.0,0.0,2.0,1.682,1.0,0.345,2.0,0.204,2.0,0.038,2.0,-0.006,2.0,99.612,2.0,16.2029,2.0,,,,,['I08N'],2019-12-05,2019-12-27,Akiko
36,5.0,1.0,32.0,,  I08N,1232.0,2.0,20191206.0,36.0,5.6659,80.0067,3233,199.4,13.5063,13.5128,2.0,35.0647,2.0,35.0671,2.0,13.0,2.0,13.1,2.0,28.79,2.0,31.16,2.0,0.01,2.0,2.25,2.0,0.0,2.0,1.066,2.0,0.621,2.0,0.009,2.0,0.407,2.0,2254.7,2.0,2310.1,2.0,41.5,2.0,0.01,2.0,92.4,2.0,481.0,2.0,0.0,2.0,0.0,2.0,1.679,1.0,0.354,2.0,0.21,2.0,0.044,2.0,-0.001,2.0,99.614,2.0,13.5128,2.0,,,,,['I08N'],2019-12-05,2019-12-27,Akiko
37,5.0,1.0,31.0,,  I08N,1231.0,2.0,20191206.0,36.0,5.6659,80.0067,3233,248.8,12.358,12.3587,2.0,35.1215,2.0,35.1222,2.0,29.6,2.0,29.9,2.0,27.68,2.0,30.95,2.0,0.01,2.0,2.18,2.0,0.01,2.0,1.233,2.0,0.705,2.0,0.006,2.0,0.398,2.0,2256.3,2.0,2309.1,2.0,37.6,2.0,0.01,2.0,44.5,2.0,410.9,2.0,0.0,2.0,0.0,2.0,1.652,1.0,,9.0,,9.0,,9.0,0.003,2.0,99.509,2.0,12.3587,2.0,,,,,['I08N'],2019-12-05,2019-12-27,Akiko
38,5.0,1.0,30.0,,  I08N,1230.0,2.0,20191206.0,36.0,5.6659,80.0067,3233,279.9,12.0298,12.0324,2.0,35.1266,2.0,35.1269,2.0,30.4,2.0,30.3,2.0,28.88,2.0,31.44,2.0,0.01,2.0,2.2,2.0,0.02,2.0,1.179,2.0,0.671,2.0,0.013,2.0,0.341,2.0,2260.1,2.0,2314.1,2.0,38.6,2.0,,9.0,39.6,2.0,421.8,2.0,0.0,2.0,0.0,2.0,1.659,1.0,0.345,2.0,0.204,2.0,0.044,2.0,0.004,2.0,99.519,2.0,12.0324,2.0,,,,,['I08N'],2019-12-05,2019-12-27,Akiko
39,5.0,1.0,29.0,,  I08N,1229.0,2.0,20191206.0,36.0,5.6659,80.0067,3233,372.2,11.0809,11.0806,2.0,35.0972,2.0,35.098,2.0,26.4,2.0,26.0,2.0,35.64,2.0,33.57,2.0,0.01,2.0,2.35,2.0,0.01,2.0,0.853,2.0,0.487,2.0,0.003,2.0,0.224,2.0,2269.9,2.0,2317.4,2.0,37.2,2.0,,9.0,14.6,2.0,429.0,2.0,0.0,2.0,0.0,2.0,1.676,1.0,0.358,2.0,0.21,2.0,0.046,2.0,0.006,2.0,99.534,2.0,11.0806,2.0,,,,,['I08N'],2019-12-05,2019-12-27,Akiko
40,5.0,1.0,28.0,,  I08N,1228.0,2.0,20191206.0,36.0,5.6659,80.0067,3233,469.6,10.3105,10.3102,2.0,35.0842,2.0,35.0838,2.0,22.2,2.0,21.7,2.0,43.49,2.0,34.78,2.0,0.01,2.0,2.5,2.0,0.03,2.0,0.54,2.0,0.31,2.0,0.003,2.0,0.121,2.0,2280.9,2.0,2324.8,2.0,41.8,2.0,,9.0,7.6,2.0,442.6,2.0,0.0,2.0,0.0,2.0,1.693,1.0,0.376,2.0,0.228,2.0,0.05,2.0,0.005,2.0,99.583,2.0,10.3102,2.0,,,,,['I08N'],2019-12-05,2019-12-27,Akiko
41,5.0,1.0,27.0,,  I08N,1227.0,2.0,20191206.0,36.0,5.6659,80.0067,3233,569.7,9.5502,9.5505,2.0,35.0633,2.0,35.0645,2.0,19.8,2.0,19.7,2.0,51.92,2.0,36.11,2.0,0.01,2.0,2.62,2.0,0.03,2.0,0.306,2.0,0.178,2.0,0.007,2.0,0.045,2.0,2292.8,2.0,2332.6,2.0,39.5,2.0,,9.0,5.6,2.0,437.0,2.0,0.0,2.0,0.0,2.0,1.719,1.0,0.362,2.0,0.215,2.0,0.046,2.0,0.004,2.0,99.644,2.0,9.5505,2.0,,,,,['I08N'],2019-12-05,2019-12-27,Akiko
42,5.0,1.0,26.0,,  I08N,1226.0,2.0,20191206.0,36.0,5.6659,80.0067,3233,670.0,8.8067,8.8066,2.0,35.0297,2.0,35.0292,2.0,26.1,2.0,25.8,2.0,59.44,2.0,36.87,2.0,0.01,2.0,2.68,2.0,0.05,2.0,0.192,2.0,0.112,2.0,0.0,2.0,0.02,2.0,2294.2,6.0,2340.3,2.0,36.5,2.0,,9.0,1.4,2.0,447.4,2.0,0.0,2.0,0.0,2.0,1.7,1.0,,9.0,,9.0,,9.0,0.004,2.0,99.753,2.0,8.8066,2.0,,,,,['I08N'],2019-12-05,2019-12-27,Akiko
43,5.0,1.0,25.0,,  I08N,1225.0,2.0,20191206.0,36.0,5.6659,80.0067,3233,770.2,8.1523,8.1522,2.0,34.9975,2.0,34.9972,2.0,29.4,2.0,28.9,2.0,67.6,2.0,37.33,2.0,0.01,2.0,2.73,2.0,0.02,2.0,0.111,2.0,0.067,2.0,0.0,2.0,0.001,2.0,2300.6,2.0,2346.8,2.0,42.4,2.0,,9.0,56.3,2.0,393.3,2.0,0.0,2.0,0.0,2.0,1.712,1.0,0.424,2.0,0.224,2.0,0.042,2.0,0.002,2.0,99.772,2.0,8.1522,2.0,,,,,['I08N'],2019-12-05,2019-12-27,Akiko
44,5.0,1.0,24.0,,  I08N,1224.0,2.0,20191206.0,36.0,5.6659,80.0067,3233,871.6,7.4147,7.4149,2.0,34.9723,2.0,34.9734,2.0,36.0,2.0,36.0,2.0,75.91,2.0,37.62,2.0,0.01,2.0,2.76,2.0,0.03,2.0,0.073,2.0,0.04,2.0,0.004,2.0,0.006,2.0,2310.3,2.0,2355.0,2.0,38.7,2.0,,9.0,76.4,2.0,459.9,2.0,0.0,2.0,0.0,2.0,1.729,1.0,,9.0,,9.0,,9.0,0.002,2.0,99.793,2.0,7.4149,2.0,,,,,['I08N'],2019-12-05,2019-12-27,Akiko
45,5.0,1.0,23.0,,  I08N,1223.0,2.0,20191206.0,36.0,5.6659,80.0067,3233,969.8,6.8881,6.8882,2.0,34.9454,2.0,34.945,2.0,41.5,2.0,41.2,2.0,82.24,2.0,37.74,2.0,0.01,2.0,2.77,2.0,0.03,2.0,0.05,2.0,0.027,2.0,0.002,2.0,0.006,2.0,2314.7,2.0,2358.3,2.0,40.0,2.0,,9.0,63.9,2.0,450.3,2.0,0.0,2.0,0.0,2.0,1.733,1.0,0.421,2.0,0.223,2.0,0.042,2.0,0.002,2.0,99.816,2.0,6.8882,2.0,,,,,['I08N'],2019-12-05,2019-12-27,Akiko
46,5.0,1.0,22.0,,  I08N,1222.0,2.0,20191206.0,36.0,5.6659,80.0067,3233,1129.0,6.0939,6.0956,2.0,34.9206,2.0,34.9206,2.0,52.5,2.0,53.1,2.0,91.02,2.0,37.72,2.0,0.01,2.0,2.77,2.0,0.03,2.0,0.038,2.0,0.019,2.0,0.0,2.0,0.002,2.0,2325.8,3.0,2371.9,6.0,44.9,2.0,,9.0,25.0,2.0,468.7,2.0,0.0,2.0,0.0,2.0,1.732,1.0,,9.0,,9.0,,9.0,0.002,2.0,99.825,2.0,6.0956,2.0,,,,,['I08N'],2019-12-05,2019-12-27,Akiko
47,5.0,1.0,21.0,,  I08N,1221.0,2.0,20191206.0,36.0,5.6659,80.0067,3233,1328.5,5.1665,5.1666,2.0,34.8779,2.0,34.878,2.0,67.9,2.0,67.9,2.0,100.98,2.0,37.61,2.0,0.0,2.0,2.76,2.0,0.02,2.0,0.025,2.0,0.011,2.0,0.001,2.0,0.004,2.0,2321.2,2.0,2372.2,2.0,40.3,2.0,,9.0,36.1,2.0,452.5,2.0,0.0,2.0,0.0,2.0,1.729,1.0,0.413,2.0,0.217,2.0,0.04,2.0,0.001,2.0,99.877,2.0,5.1666,2.0,,,,,['I08N'],2019-12-05,2019-12-27,Akiko
48,5.0,1.0,20.0,,  I08N,1220.0,2.0,20191206.0,36.0,5.6659,80.0067,3233,1534.0,4.3436,4.3437,2.0,34.8458,2.0,34.8469,2.0,82.1,2.0,81.8,2.0,109.98,2.0,37.63,2.0,0.01,2.0,2.74,2.0,0.01,2.0,0.02,2.0,0.008,2.0,0.0,2.0,0.021,2.0,2325.0,2.0,2389.1,2.0,37.3,2.0,,9.0,7.6,2.0,460.2,2.0,0.0,2.0,0.0,2.0,1.72,1.0,,9.0,,9.0,,9.0,0.001,2.0,99.896,2.0,4.3437,2.0,,,,,['I08N'],2019-12-05,2019-12-27,Akiko
49,5.0,1.0,19.0,,  I08N,1219.0,2.0,20191206.0,36.0,5.6659,80.0067,3233,1732.5,3.5098,3.5097,2.0,34.8122,2.0,34.8131,2.0,100.4,2.0,100.2,2.0,118.36,2.0,36.68,2.0,0.0,2.0,2.66,2.0,0.03,2.0,0.014,2.0,0.005,2.0,0.001,2.0,0.002,2.0,2329.7,2.0,2398.4,2.0,35.4,2.0,,9.0,,9.0,,9.0,0.0,2.0,0.0,2.0,1.704,1.0,0.413,2.0,0.22,2.0,0.042,2.0,0.001,2.0,99.909,2.0,3.5097,2.0,,,,,['I08N'],2019-12-05,2019-12-27,Akiko
50,5.0,1.0,18.0,,  I08N,1218.0,2.0,20191206.0,36.0,5.6659,80.0067,3233,1927.8,2.9459,2.9457,2.0,34.7878,2.0,34.7875,2.0,112.7,2.0,113.0,2.0,125.71,2.0,36.45,2.0,0.0,2.0,2.61,2.0,0.01,2.0,0.013,2.0,0.006,2.0,0.002,2.0,0.017,2.0,2326.8,2.0,2405.9,2.0,38.9,2.0,,9.0,,9.0,,9.0,0.0,2.0,0.0,2.0,1.731,1.0,,9.0,,9.0,,9.0,0.001,2.0,99.865,2.0,2.9457,2.0,,,,,['I08N'],2019-12-05,2019-12-27,Akiko
51,5.0,1.0,17.0,,  I08N,1217.0,2.0,20191206.0,36.0,5.6659,80.0067,3233,2129.5,2.4702,2.4705,2.0,34.7656,2.0,34.7654,2.0,124.9,2.0,124.8,2.0,130.83,2.0,36.02,2.0,0.0,2.0,2.57,2.0,0.01,2.0,0.013,2.0,0.005,2.0,0.0,2.0,0.0,2.0,2328.3,2.0,2411.3,2.0,37.4,2.0,,9.0,,9.0,,9.0,0.0,2.0,0.0,2.0,1.699,1.0,0.401,2.0,0.209,2.0,0.039,2.0,0.001,2.0,99.892,2.0,2.4705,2.0,,,,,['I08N'],2019-12-05,2019-12-27,Akiko
52,5.0,1.0,16.0,,  I08N,1216.0,2.0,20191206.0,36.0,5.6659,80.0067,3233,2328.8,2.1735,2.173,2.0,34.752,2.0,34.7529,2.0,133.2,2.0,133.1,2.0,134.47,2.0,35.84,2.0,0.01,2.0,2.54,2.0,0.01,2.0,0.018,2.0,0.007,2.0,0.0,2.0,0.003,2.0,2328.0,6.0,2415.4,2.0,41.5,2.0,,9.0,,9.0,,9.0,0.0,2.0,0.0,2.0,1.688,1.0,,9.0,,9.0,,9.0,0.0,2.0,99.923,2.0,2.173,2.0,,,,,['I08N'],2019-12-05,2019-12-27,Akiko
53,5.0,1.0,15.0,,  I08N,1215.0,2.0,20191206.0,36.0,5.6659,80.0067,3233,2531.2,2.0581,2.0585,2.0,34.7466,2.0,34.7469,2.0,136.9,2.0,136.8,2.0,135.67,2.0,35.67,2.0,0.01,2.0,2.53,2.0,0.02,2.0,0.016,2.0,0.007,2.0,0.001,2.0,0.007,2.0,2328.7,2.0,2415.2,2.0,38.7,2.0,,9.0,,9.0,,9.0,0.0,2.0,0.0,2.0,1.677,1.0,0.393,2.0,0.206,2.0,0.039,2.0,0.0,2.0,99.917,2.0,2.0585,2.0,,,,,['I08N'],2019-12-05,2019-12-27,Akiko
54,5.0,1.0,14.0,,  I08N,1214.0,2.0,20191206.0,36.0,5.6659,80.0067,3233,2730.6,1.8241,1.8241,2.0,34.7368,2.0,34.7372,2.0,144.9,2.0,144.7,2.0,138.12,2.0,35.41,2.0,0.01,2.0,2.49,2.0,0.03,2.0,0.014,2.0,0.007,2.0,0.002,2.0,0.002,2.0,2325.3,2.0,2416.8,2.0,40.7,2.0,,9.0,,9.0,,9.0,0.0,2.0,0.0,2.0,1.686,1.0,,9.0,,9.0,,9.0,0.0,2.0,99.928,2.0,1.8241,2.0,,,,,['I08N'],2019-12-05,2019-12-27,Akiko
55,5.0,1.0,13.0,,  I08N,1213.0,2.0,20191206.0,36.0,5.6659,80.0067,3233,2930.9,1.7408,1.7408,2.0,34.733,2.0,34.7344,2.0,146.8,2.0,147.0,2.0,139.86,2.0,35.3,2.0,0.01,2.0,2.48,2.0,0.02,2.0,0.016,2.0,0.008,2.0,0.006,2.0,0.002,2.0,2329.7,2.0,2421.4,2.0,41.8,2.0,,9.0,,9.0,,9.0,0.0,2.0,0.0,2.0,1.682,1.0,0.404,2.0,0.216,2.0,0.039,2.0,0.0,2.0,99.951,2.0,1.7408,2.0,,,,,['I08N'],2019-12-05,2019-12-27,Akiko
56,5.0,1.0,12.0,,  I08N,1212.0,2.0,20191206.0,36.0,5.6659,80.0067,3233,3169.1,1.6192,1.6193,2.0,34.7281,2.0,34.7288,2.0,149.3,2.0,149.6,2.0,142.89,2.0,35.39,2.0,0.01,2.0,2.47,2.0,0.03,2.0,0.018,2.0,0.008,2.0,0.001,2.0,0.0,2.0,2332.4,2.0,2426.5,6.0,38.8,2.0,,9.0,,9.0,,9.0,0.0,2.0,0.0,2.0,1.682,1.0,,9.0,,9.0,,9.0,0.0,2.0,99.928,2.0,1.6193,2.0,,,,,['I08N'],2019-12-05,2019-12-27,Akiko
57,5.0,1.0,10.0,,  I08N,1210.0,5.0,20191206.0,36.0,5.6659,80.0067,3233,10.2,28.7927,28.7916,2.0,32.7741,2.0,,9.0,196.3,2.0,,9.0,,9.0,,9.0,,9.0,,9.0,,9.0,,9.0,,9.0,,9.0,,9.0,,9.0,,9.0,,9.0,,9.0,,9.0,,9.0,150.936,2.0,150.936,2.0,1.212,1.0,,9.0,,9.0,,9.0,0.156,2.0,98.356,2.0,28.7916,2.0,,,,,['I08N'],2019-12-05,2019-12-27,Akiko
58,5.0,1.0,9.0,,  I08N,1209.0,5.0,20191206.0,36.0,5.6659,80.0067,3233,100.2,21.4353,21.4562,2.0,34.9077,2.0,,9.0,38.4,2.0,,9.0,,9.0,,9.0,,9.0,,9.0,,9.0,,9.0,,9.0,,9.0,,9.0,,9.0,,9.0,,9.0,,9.0,,9.0,,9.0,0.061,2.0,0.061,2.0,1.613,1.0,,9.0,,9.0,,9.0,0.104,2.0,99.395,2.0,21.4562,2.0,,,,,['I08N'],2019-12-05,2019-12-27,Akiko
59,5.0,1.0,2.0,,  I08N,12046.0,2.0,20191206.0,36.0,5.6659,80.0067,3233,32.3,28.8558,28.9164,2.0,33.799,2.0,33.8023,2.0,172.5,2.0,174.6,2.0,2.61,2.0,1.58,2.0,0.3,2.0,0.2,2.0,0.08,2.0,,9.0,,9.0,,9.0,,9.0,1937.0,2.0,2226.7,2.0,76.3,2.0,0.59,2.0,39.1,2.0,160.7,2.0,25.695,2.0,25.695,2.0,1.347,1.0,0.382,2.0,0.2,2.0,0.029,2.0,0.605,2.0,97.86,2.0,28.9164,2.0,,,,,['I08N'],2019-12-05,2019-12-27,Akiko
60,5.0,1.0,1.0,,  I08N,1201.0,2.0,20191206.0,36.0,5.6659,80.0067,3233,3261.8,1.5957,1.5959,2.0,34.7271,2.0,34.7278,2.0,150.0,2.0,150.0,2.0,143.79,2.0,35.48,2.0,0.01,2.0,2.48,2.0,0.03,2.0,0.017,2.0,0.007,2.0,0.008,2.0,0.001,2.0,2330.3,2.0,2426.9,2.0,40.6,2.0,,9.0,,9.0,,9.0,0.0,2.0,0.0,2.0,1.695,1.0,0.382,2.0,0.211,2.0,0.038,2.0,0.0,2.0,99.953,2.0,1.5959,2.0,,,,,['I08N'],2019-12-05,2019-12-27,Akiko
61,6.0,1.0,36.0,,  I08N,1236.0,2.0,20191206.0,659.0,5.5829,80.0021,4015,10.0,29.1918,29.1932,2.0,33.1759,2.0,,9.0,197.4,2.0,,9.0,1.59,2.0,0.01,2.0,0.0,2.0,0.02,2.0,0.02,2.0,,9.0,,9.0,,9.0,,9.0,,9.0,,9.0,,9.0,,9.0,,9.0,,9.0,739.696,2.0,739.696,2.0,1.173,1.0,,9.0,,9.0,,9.0,0.078,2.0,97.995,2.0,29.1932,2.0,,,,,['I08N'],2019-12-05,2019-12-27,Akiko
62,6.0,1.0,34.0,,  I08N,1234.0,2.0,20191206.0,659.0,5.5829,80.0021,4015,5.1,29.1842,29.1833,4.0,33.219,2.0,,9.0,197.6,2.0,,9.0,1.57,2.0,0.0,2.0,0.01,2.0,0.03,2.0,0.03,2.0,,9.0,,9.0,,9.0,,9.0,,9.0,,9.0,,9.0,,9.0,,9.0,,9.0,1216.396,2.0,1216.396,2.0,1.173,1.0,,9.0,,9.0,,9.0,0.08,2.0,97.96,2.0,29.1833,4.0,,,,,['I08N'],2019-12-05,2019-12-27,Akiko
63,6.0,1.0,32.0,,  I08N,1232.0,2.0,20191206.0,659.0,5.5829,80.0021,4015,25.4,28.6232,28.6234,2.0,34.0486,2.0,,9.0,172.8,2.0,,9.0,2.88,2.0,2.02,2.0,0.24,2.0,0.25,2.0,0.05,2.0,,9.0,,9.0,,9.0,,9.0,,9.0,,9.0,,9.0,,9.0,,9.0,,9.0,210.266,2.0,210.266,2.0,1.362,1.0,,9.0,,9.0,,9.0,0.891,2.0,96.401,2.0,28.6234,2.0,,,,,['I08N'],2019-12-05,2019-12-27,Akiko
64,6.0,1.0,30.0,,  I08N,1230.0,2.0,20191206.0,659.0,5.5829,80.0021,4015,40.1,26.201,26.1906,2.0,34.6354,2.0,,9.0,104.1,2.0,,9.0,7.27,2.0,11.35,2.0,0.19,2.0,0.88,2.0,0.04,2.0,,9.0,,9.0,,9.0,,9.0,,9.0,,9.0,,9.0,,9.0,,9.0,,9.0,65.724,2.0,65.724,2.0,1.549,1.0,,9.0,,9.0,,9.0,0.602,2.0,98.157,2.0,26.1906,2.0,,,,,['I08N'],2019-12-05,2019-12-27,Akiko
65,6.0,1.0,28.0,,  I08N,1228.0,2.0,20191206.0,659.0,5.5829,80.0021,4015,50.5,25.2731,25.2569,2.0,34.7778,2.0,,9.0,83.0,2.0,,9.0,8.9,2.0,14.2,2.0,0.12,2.0,1.07,2.0,0.03,2.0,,9.0,,9.0,,9.0,,9.0,,9.0,,9.0,,9.0,,9.0,,9.0,,9.0,31.954,2.0,31.954,2.0,1.589,1.0,,9.0,,9.0,,9.0,0.405,2.0,98.683,2.0,25.2569,2.0,,,,,['I08N'],2019-12-05,2019-12-27,Akiko
66,6.0,1.0,26.0,,  I08N,1226.0,2.0,20191206.0,659.0,5.5829,80.0021,4015,59.8,24.9256,24.9232,2.0,34.7959,2.0,,9.0,74.3,2.0,,9.0,9.45,2.0,15.34,2.0,0.09,2.0,1.14,2.0,0.05,2.0,,9.0,,9.0,,9.0,,9.0,,9.0,,9.0,,9.0,,9.0,,9.0,,9.0,15.875,2.0,15.875,2.0,1.603,1.0,,9.0,,9.0,,9.0,0.379,2.0,98.833,2.0,24.9232,2.0,,,,,['I08N'],2019-12-05,2019-12-27,Akiko
67,6.0,1.0,24.0,,  I08N,1224.0,2.0,20191206.0,659.0,5.5829,80.0021,4015,70.1,24.685,24.6836,2.0,34.8082,2.0,,9.0,71.7,2.0,,9.0,9.91,2.0,15.74,2.0,0.08,2.0,1.18,2.0,0.04,2.0,,9.0,,9.0,,9.0,,9.0,,9.0,,9.0,,9.0,,9.0,,9.0,,9.0,7.925,2.0,7.925,2.0,1.586,1.0,,9.0,,9.0,,9.0,0.392,2.0,98.986,2.0,24.6836,2.0,,,,,['I08N'],2019-12-05,2019-12-27,Akiko
68,6.0,1.0,22.0,,  I08N,1222.0,2.0,20191206.0,659.0,5.5829,80.0021,4015,79.8,22.5808,22.5881,2.0,34.8865,2.0,,9.0,51.4,2.0,,9.0,14.23,2.0,20.28,2.0,0.03,2.0,1.49,2.0,0.05,2.0,,9.0,,9.0,,9.0,,9.0,,9.0,,9.0,,9.0,,9.0,,9.0,,9.0,3.427,2.0,3.427,2.0,1.59,1.0,,9.0,,9.0,,9.0,0.21,2.0,99.207,2.0,22.5881,2.0,,,,,['I08N'],2019-12-05,2019-12-27,Akiko
69,6.0,1.0,20.0,,  I08N,1220.0,2.0,20191206.0,659.0,5.5829,80.0021,4015,90.3,21.769,21.7705,2.0,34.9043,2.0,,9.0,42.0,2.0,,9.0,15.27,2.0,21.46,2.0,0.02,2.0,1.56,2.0,0.04,2.0,,9.0,,9.0,,9.0,,9.0,,9.0,,9.0,,9.0,,9.0,,9.0,,9.0,2.341,2.0,2.341,2.0,1.627,1.0,,9.0,,9.0,,9.0,0.114,2.0,99.346,2.0,21.7705,2.0,,,,,['I08N'],2019-12-05,2019-12-27,Akiko
70,6.0,1.0,18.0,,  I08N,1218.0,2.0,20191206.0,659.0,5.5829,80.0021,4015,99.6,20.9851,20.9854,2.0,34.9133,2.0,,9.0,35.0,2.0,,9.0,16.85,2.0,22.8,2.0,0.02,2.0,1.66,2.0,0.04,2.0,,9.0,,9.0,,9.0,,9.0,,9.0,,9.0,,9.0,,9.0,,9.0,,9.0,1.479,2.0,1.479,2.0,1.633,1.0,,9.0,,9.0,,9.0,0.071,2.0,99.435,2.0,20.9854,2.0,,,,,['I08N'],2019-12-05,2019-12-27,Akiko
71,6.0,1.0,16.0,,  I08N,1216.0,2.0,20191206.0,659.0,5.5829,80.0021,4015,125.3,16.9937,16.9951,2.0,34.9297,2.0,,9.0,19.1,2.0,,9.0,24.33,2.0,27.84,2.0,0.01,2.0,2.01,2.0,0.03,2.0,,9.0,,9.0,,9.0,,9.0,,9.0,,9.0,,9.0,,9.0,,9.0,,9.0,0.112,2.0,0.112,2.0,1.665,1.0,,9.0,,9.0,,9.0,-0.002,2.0,99.567,2.0,16.9951,2.0,,,,,['I08N'],2019-12-05,2019-12-27,Akiko
72,6.0,1.0,14.0,,  I08N,1214.0,2.0,20191206.0,659.0,5.5829,80.0021,4015,150.1,15.5416,15.5391,2.0,34.9845,2.0,,9.0,13.4,2.0,,9.0,26.75,2.0,29.54,2.0,0.0,2.0,2.15,2.0,0.03,2.0,,9.0,,9.0,,9.0,,9.0,,9.0,,9.0,,9.0,,9.0,,9.0,,9.0,0.0,2.0,0.0,2.0,1.692,1.0,,9.0,,9.0,,9.0,-0.007,2.0,99.584,2.0,15.5391,2.0,,,,,['I08N'],2019-12-05,2019-12-27,Akiko
73,6.0,1.0,12.0,,  I08N,1212.0,2.0,20191206.0,659.0,5.5829,80.0021,4015,174.0,14.585,14.5846,2.0,35.0059,2.0,,9.0,12.5,2.0,,9.0,28.29,2.0,30.53,2.0,0.01,2.0,2.2,2.0,0.02,2.0,,9.0,,9.0,,9.0,,9.0,,9.0,,9.0,,9.0,,9.0,,9.0,,9.0,0.0,2.0,0.0,2.0,1.693,1.0,,9.0,,9.0,,9.0,-0.006,2.0,99.597,2.0,14.5846,2.0,,,,,['I08N'],2019-12-05,2019-12-27,Akiko
74,6.0,1.0,10.0,,  I08N,1210.0,2.0,20191206.0,659.0,5.5829,80.0021,4015,202.1,13.3936,13.3937,2.0,35.0605,2.0,,9.0,12.1,2.0,,9.0,29.6,2.0,31.07,2.0,0.01,2.0,2.29,2.0,0.01,2.0,,9.0,,9.0,,9.0,,9.0,,9.0,,9.0,,9.0,,9.0,,9.0,,9.0,0.0,2.0,0.0,2.0,1.691,1.0,,9.0,,9.0,,9.0,-0.001,2.0,99.626,2.0,13.3937,2.0,,,,,['I08N'],2019-12-05,2019-12-27,Akiko
75,6.0,1.0,8.0,,  I08N,1208.0,3.0,20191206.0,659.0,5.5829,80.0021,4015,224.3,13.0048,13.0057,2.0,35.0984,2.0,,9.0,18.7,2.0,,9.0,28.58,2.0,31.32,2.0,0.01,2.0,2.24,2.0,0.0,2.0,,9.0,,9.0,,9.0,,9.0,,9.0,,9.0,,9.0,,9.0,,9.0,,9.0,0.0,2.0,0.0,2.0,1.677,1.0,,9.0,,9.0,,9.0,0.001,2.0,99.595,2.0,13.0057,2.0,,,,,['I08N'],2019-12-05,2019-12-27,Akiko
76,6.0,1.0,6.0,,  I08N,1206.0,2.0,20191206.0,659.0,5.5829,80.0021,4015,278.2,12.0229,12.0229,2.0,35.1271,2.0,,9.0,30.4,2.0,,9.0,29.42,2.0,31.59,2.0,0.01,2.0,2.23,2.0,0.04,2.0,,9.0,,9.0,,9.0,,9.0,,9.0,,9.0,,9.0,,9.0,,9.0,,9.0,0.0,2.0,0.0,2.0,1.662,1.0,,9.0,,9.0,,9.0,0.005,2.0,99.552,2.0,12.0229,2.0,,,,,['I08N'],2019-12-05,2019-12-27,Akiko
77,6.0,1.0,2.0,,  I08N,12046.0,2.0,20191206.0,659.0,5.5829,80.0021,4015,32.6,28.3211,28.321,2.0,34.1142,2.0,,9.0,161.7,2.0,,9.0,3.43,2.0,3.41,2.0,0.33,2.0,0.34,2.0,0.05,2.0,,9.0,,9.0,,9.0,,9.0,,9.0,,9.0,,9.0,,9.0,,9.0,,9.0,114.336,2.0,114.336,2.0,1.401,1.0,,9.0,,9.0,,9.0,0.864,2.0,97.297,2.0,28.321,2.0,,,,,['I08N'],2019-12-05,2019-12-27,Akiko
78,7.0,1.0,36.0,,  I08N,1236.0,2.0,20191206.0,1151.0,5.3329,79.9959,4147,9.9,29.1539,29.1516,2.0,33.196,2.0,33.2063,2.0,196.8,2.0,196.5,2.0,1.67,2.0,0.01,2.0,0.02,2.0,0.03,2.0,0.05,2.0,1.371,2.0,0.899,2.0,0.113,2.0,1.638,2.0,1891.0,2.0,2201.6,2.0,,9.0,0.2,2.0,58.1,2.0,271.4,2.0,0.0,2.0,0.0,2.0,1.218,1.0,,9.0,,9.0,,9.0,0.176,2.0,97.873,2.0,29.1516,2.0,,,,,['I08N'],2019-12-05,2019-12-27,Akiko
79,7.0,1.0,35.0,,  I08N,1235.0,2.0,20191206.0,1151.0,5.3329,79.9959,4147,50.0,25.9627,25.9438,2.0,34.6953,2.0,34.6917,2.0,71.6,2.0,72.5,2.0,7.19,2.0,14.03,2.0,0.19,2.0,1.06,2.0,0.02,2.0,1.385,2.0,0.871,2.0,0.081,2.0,1.226,2.0,2080.8,2.0,2275.1,2.0,,9.0,0.46,2.0,76.4,2.0,325.5,2.0,0.0,2.0,0.0,2.0,1.64,1.0,,9.0,,9.0,,9.0,0.683,2.0,98.533,2.0,25.9438,2.0,,,,,['I08N'],2019-12-05,2019-12-27,Akiko
80,7.0,1.0,34.0,,  I08N,1234.0,2.0,20191206.0,1151.0,5.3329,79.9959,4147,100.5,20.1077,20.1065,2.0,34.9054,2.0,34.9068,2.0,28.0,2.0,28.1,2.0,18.6,2.0,24.24,2.0,0.02,2.0,1.76,2.0,0.05,2.0,1.24,2.0,0.775,2.0,0.018,2.0,0.825,2.0,2172.6,2.0,2290.4,2.0,,9.0,0.04,2.0,89.4,2.0,409.5,2.0,0.0,2.0,0.0,2.0,1.655,1.0,,9.0,,9.0,,9.0,0.038,2.0,99.484,2.0,20.1065,2.0,,,,,['I08N'],2019-12-05,2019-12-27,Akiko
81,7.0,1.0,33.0,,  I08N,1233.0,2.0,20191206.0,1151.0,5.3329,79.9959,4147,150.3,15.9388,15.9398,2.0,34.9467,2.0,34.9557,2.0,13.2,2.0,13.1,2.0,27.18,2.0,29.51,2.0,0.01,2.0,2.15,2.0,0.02,2.0,1.114,2.0,0.65,2.0,0.003,2.0,0.521,2.0,2224.9,2.0,2303.3,2.0,,9.0,0.01,2.0,71.1,2.0,449.5,2.0,0.0,2.0,0.0,2.0,1.678,1.0,,9.0,,9.0,,9.0,-0.006,2.0,99.575,2.0,15.9398,2.0,,,,,['I08N'],2019-12-05,2019-12-27,Akiko
82,7.0,1.0,32.0,,  I08N,1232.0,2.0,20191206.0,1151.0,5.3329,79.9959,4147,199.1,13.3815,13.3843,2.0,35.0439,2.0,35.0468,2.0,17.2,2.0,16.9,2.0,29.77,2.0,31.21,2.0,0.01,2.0,2.24,2.0,0.02,2.0,1.122,2.0,0.626,2.0,0.011,2.0,0.409,2.0,2247.2,2.0,2310.4,2.0,,9.0,0.01,2.0,66.5,2.0,454.1,2.0,0.0,2.0,0.0,2.0,1.669,1.0,,9.0,,9.0,,9.0,-0.002,2.0,99.568,2.0,13.3843,2.0,,,,,['I08N'],2019-12-05,2019-12-27,Akiko
83,7.0,1.0,31.0,,  I08N,1231.0,2.0,20191206.0,1151.0,5.3329,79.9959,4147,250.2,12.4111,12.4106,2.0,35.1419,2.0,35.1405,2.0,40.1,2.0,40.4,2.0,25.81,2.0,29.65,2.0,0.01,2.0,2.08,2.0,0.02,2.0,1.493,2.0,0.82,2.0,0.015,2.0,0.492,2.0,2242.9,2.0,2310.5,2.0,,9.0,0.01,2.0,71.8,2.0,450.9,2.0,0.0,2.0,0.0,2.0,1.632,1.0,,9.0,,9.0,,9.0,0.003,2.0,99.524,2.0,12.4106,2.0,,,,,['I08N'],2019-12-05,2019-12-27,Akiko
84,7.0,1.0,30.0,,  I08N,1230.0,2.0,20191206.0,1151.0,5.3329,79.9959,4147,298.1,11.9016,11.902,2.0,35.116,2.0,35.1165,2.0,53.5,2.0,52.4,2.0,26.11,2.0,29.34,2.0,0.01,2.0,2.04,2.0,0.03,2.0,1.542,2.0,0.836,2.0,0.01,2.0,0.476,2.0,2238.3,2.0,2313.8,2.0,,9.0,,9.0,77.2,2.0,413.0,2.0,0.0,2.0,0.0,2.0,1.601,1.0,,9.0,,9.0,,9.0,0.004,2.0,99.495,2.0,11.902,2.0,,,,,['I08N'],2019-12-05,2019-12-27,Akiko
85,7.0,1.0,29.0,,  I08N,1229.0,2.0,20191206.0,1151.0,5.3329,79.9959,4147,400.2,10.9782,10.9781,2.0,35.1004,2.0,35.0996,2.0,45.9,2.0,45.3,2.0,32.46,2.0,31.65,2.0,0.01,2.0,2.22,2.0,0.04,2.0,1.164,2.0,0.62,2.0,0.015,2.0,0.323,2.0,2249.3,2.0,2317.0,2.0,,9.0,,9.0,107.7,2.0,439.1,2.0,0.0,2.0,0.0,2.0,1.612,1.0,,9.0,,9.0,,9.0,0.005,2.0,99.573,2.0,10.9781,2.0,,,,,['I08N'],2019-12-05,2019-12-27,Akiko
86,7.0,1.0,28.0,,  I08N,1228.0,2.0,20191206.0,1151.0,5.3329,79.9959,4147,499.4,10.3271,10.3275,2.0,35.0821,2.0,35.0826,2.0,35.5,2.0,35.6,2.0,39.95,2.0,33.66,2.0,0.01,2.0,2.41,2.0,0.04,2.0,0.769,2.0,0.409,2.0,0.01,2.0,0.204,2.0,2263.4,2.0,2323.8,2.0,,9.0,,9.0,105.4,2.0,449.8,2.0,0.0,2.0,0.0,2.0,1.642,1.0,,9.0,,9.0,,9.0,0.006,2.0,99.667,2.0,10.3275,2.0,,,,,['I08N'],2019-12-05,2019-12-27,Akiko
87,7.0,1.0,27.0,,  I08N,1227.0,2.0,20191206.0,1151.0,5.3329,79.9959,4147,600.3,9.3766,9.377,2.0,35.0392,2.0,35.0373,2.0,20.2,2.0,19.6,2.0,54.31,2.0,36.56,2.0,0.01,2.0,2.65,2.0,0.05,2.0,0.297,2.0,0.163,2.0,0.006,2.0,0.089,2.0,2286.9,2.0,2334.6,2.0,,9.0,,9.0,68.8,2.0,491.7,2.0,0.0,2.0,0.0,2.0,1.702,1.0,,9.0,,9.0,,9.0,0.005,2.0,99.701,2.0,9.377,2.0,,,,,['I08N'],2019-12-05,2019-12-27,Akiko
88,7.0,1.0,26.0,,  I08N,1226.0,2.0,20191206.0,1151.0,5.3329,79.9959,4147,700.9,8.4847,8.4845,2.0,35.0081,2.0,35.0104,2.0,25.6,2.0,25.6,2.0,63.9,2.0,37.1,2.0,0.01,2.0,2.71,2.0,0.07,2.0,0.165,2.0,0.09,2.0,0.005,2.0,0.026,2.0,2295.2,6.0,2345.3,2.0,,9.0,,9.0,61.9,2.0,479.4,2.0,0.0,2.0,0.0,2.0,1.702,1.0,,9.0,,9.0,,9.0,0.005,2.0,99.733,2.0,8.4845,2.0,,,,,['I08N'],2019-12-05,2019-12-27,Akiko
89,7.0,1.0,25.0,,  I08N,1225.0,2.0,20191206.0,1151.0,5.3329,79.9959,4147,799.1,7.955,7.9569,2.0,34.9926,2.0,34.9922,2.0,31.6,2.0,31.7,2.0,69.93,2.0,37.2,2.0,0.01,2.0,2.72,2.0,0.06,2.0,0.122,2.0,0.066,2.0,0.006,2.0,0.051,2.0,2301.9,2.0,2352.3,2.0,,9.0,,9.0,68.8,2.0,479.1,2.0,0.0,2.0,0.0,2.0,1.724,1.0,,9.0,,9.0,,9.0,0.003,2.0,99.754,2.0,7.9569,2.0,,,,,['I08N'],2019-12-05,2019-12-27,Akiko
90,7.0,1.0,24.0,,  I08N,1224.0,2.0,20191206.0,1151.0,5.3329,79.9959,4147,899.4,7.3237,7.3254,2.0,34.9632,2.0,34.9644,2.0,36.4,2.0,35.7,2.0,77.06,2.0,37.83,2.0,0.01,2.0,2.76,2.0,0.15,2.0,0.077,2.0,0.042,2.0,0.011,2.0,0.024,2.0,2306.9,2.0,2353.5,2.0,,9.0,,9.0,75.6,2.0,413.8,2.0,0.0,2.0,0.0,2.0,1.721,1.0,,9.0,,9.0,,9.0,0.003,2.0,99.783,2.0,7.3254,2.0,,,,,['I08N'],2019-12-05,2019-12-27,Akiko
91,7.0,1.0,23.0,,  I08N,1223.0,2.0,20191206.0,1151.0,5.3329,79.9959,4147,999.6,6.8465,6.8452,2.0,34.954,2.0,34.9539,2.0,44.2,2.0,44.0,2.0,82.15,2.0,37.81,2.0,0.01,2.0,2.76,2.0,0.05,2.0,0.062,2.0,0.034,2.0,0.001,2.0,0.028,2.0,2309.4,2.0,2362.7,2.0,,9.0,,9.0,87.1,2.0,444.5,2.0,0.0,2.0,0.0,2.0,1.718,1.0,,9.0,,9.0,,9.0,0.002,2.0,99.834,2.0,6.8452,2.0,,,,,['I08N'],2019-12-05,2019-12-27,Akiko
92,7.0,1.0,22.0,,  I08N,1222.0,2.0,20191206.0,1151.0,5.3329,79.9959,4147,1199.1,5.8483,5.8488,2.0,34.9099,2.0,34.9103,2.0,56.6,2.0,56.2,2.0,93.94,2.0,37.82,2.0,0.01,2.0,2.77,2.0,0.02,2.0,0.037,2.0,0.016,2.0,0.002,2.0,0.016,2.0,2316.4,2.0,2373.4,6.0,,9.0,,9.0,144.4,2.0,471.7,2.0,0.0,2.0,0.0,2.0,1.722,1.0,,9.0,,9.0,,9.0,0.002,2.0,99.84,2.0,5.8488,2.0,,,,,['I08N'],2019-12-05,2019-12-27,Akiko
93,7.0,1.0,21.0,,  I08N,1221.0,2.0,20191206.0,1151.0,5.3329,79.9959,4147,1398.6,4.7769,4.7843,2.0,34.863,2.0,34.8638,2.0,74.0,2.0,73.7,2.0,105.54,2.0,37.7,2.0,0.01,2.0,2.76,2.0,0.03,2.0,0.026,2.0,0.01,2.0,0.0,2.0,0.018,2.0,2322.4,2.0,2383.8,2.0,,9.0,,9.0,98.6,2.0,493.8,2.0,0.0,2.0,0.0,2.0,1.727,1.0,,9.0,,9.0,,9.0,0.001,2.0,99.874,2.0,4.7843,2.0,,,,,['I08N'],2019-12-05,2019-12-27,Akiko
94,7.0,1.0,20.0,,  I08N,1220.0,2.0,20191206.0,1151.0,5.3329,79.9959,4147,1599.7,3.8368,3.8362,2.0,34.8254,2.0,34.8257,2.0,92.2,2.0,91.8,2.0,115.76,2.0,37.36,2.0,0.01,2.0,2.71,2.0,0.03,2.0,0.021,2.0,0.009,2.0,0.001,2.0,0.014,2.0,2336.9,3.0,2393.4,2.0,,9.0,,9.0,62.7,2.0,460.7,2.0,0.0,2.0,0.0,2.0,1.717,1.0,,9.0,,9.0,,9.0,0.001,2.0,99.88,2.0,3.8362,2.0,,,,,['I08N'],2019-12-05,2019-12-27,Akiko
95,7.0,1.0,19.0,,  I08N,1219.0,2.0,20191206.0,1151.0,5.3329,79.9959,4147,1800.4,3.3364,3.3362,2.0,34.8055,2.0,34.8061,2.0,104.4,2.0,104.2,2.0,120.57,2.0,36.9,2.0,0.01,2.0,2.66,2.0,0.03,2.0,0.017,2.0,0.008,2.0,0.001,2.0,0.02,2.0,2324.9,2.0,2398.9,2.0,,9.0,,9.0,60.4,2.0,485.0,2.0,0.0,2.0,0.0,2.0,1.715,1.0,,9.0,,9.0,,9.0,0.001,2.0,99.897,2.0,3.3362,2.0,,,,,['I08N'],2019-12-05,2019-12-27,Akiko
96,7.0,1.0,18.0,,  I08N,1218.0,2.0,20191206.0,1151.0,5.3329,79.9959,4147,1998.5,2.8426,2.8435,2.0,34.7832,2.0,34.7838,2.0,119.6,2.0,119.4,2.0,124.11,2.0,36.17,2.0,0.01,2.0,2.59,2.0,0.01,2.0,0.019,2.0,0.008,2.0,0.004,2.0,0.028,2.0,2322.9,2.0,2405.8,2.0,,9.0,,9.0,,9.0,,9.0,0.0,2.0,0.0,2.0,1.689,1.0,,9.0,,9.0,,9.0,0.0,2.0,99.909,2.0,2.8435,2.0,,,,,['I08N'],2019-12-05,2019-12-27,Akiko
97,7.0,1.0,17.0,,  I08N,1217.0,2.0,20191206.0,1151.0,5.3329,79.9959,4147,2200.0,2.4951,2.4935,2.0,34.7661,2.0,34.7658,2.0,124.1,2.0,124.2,2.0,131.22,2.0,36.2,2.0,0.01,2.0,2.6,2.0,0.05,2.0,0.02,2.0,0.007,2.0,0.007,2.0,0.01,2.0,2328.0,2.0,2412.5,2.0,,9.0,,9.0,,9.0,,9.0,0.0,2.0,0.0,2.0,1.696,1.0,,9.0,,9.0,,9.0,0.0,2.0,99.901,2.0,2.4935,2.0,,,,,['I08N'],2019-12-05,2019-12-27,Akiko
98,7.0,1.0,16.0,,  I08N,1216.0,2.0,20191206.0,1151.0,5.3329,79.9959,4147,2400.4,2.2207,2.2208,2.0,34.7537,2.0,34.7537,2.0,132.5,2.0,132.3,2.0,133.86,2.0,36.23,2.0,0.01,2.0,2.56,2.0,0.03,2.0,0.021,2.0,0.01,2.0,0.003,2.0,0.017,2.0,2326.8,6.0,2415.2,2.0,,9.0,,9.0,,9.0,,9.0,0.0,2.0,0.0,2.0,1.681,1.0,,9.0,,9.0,,9.0,0.001,2.0,99.901,2.0,2.2208,2.0,,,,,['I08N'],2019-12-05,2019-12-27,Akiko
99,7.0,1.0,15.0,,  I08N,1215.0,2.0,20191206.0,1151.0,5.3329,79.9959,4147,2600.0,2.0259,2.0261,2.0,34.7448,2.0,34.7448,2.0,139.4,2.0,139.4,2.0,135.36,2.0,35.72,2.0,0.01,2.0,2.52,2.0,0.04,2.0,0.023,2.0,0.01,2.0,0.002,2.0,0.016,2.0,2326.3,2.0,2418.3,2.0,,9.0,,9.0,,9.0,,9.0,0.0,2.0,0.0,2.0,1.673,1.0,,9.0,,9.0,,9.0,0.0,2.0,99.911,2.0,2.0261,2.0,,,,,['I08N'],2019-12-05,2019-12-27,Akiko
100,7.0,1.0,14.0,,  I08N,1214.0,2.0,20191206.0,1151.0,5.3329,79.9959,4147,2802.2,1.8573,1.8586,2.0,34.7377,2.0,34.7379,2.0,145.0,2.0,145.5,2.0,137.0,2.0,35.56,2.0,0.01,2.0,2.5,2.0,0.04,2.0,0.02,2.0,0.008,2.0,0.001,2.0,0.021,2.0,2324.6,2.0,2418.3,2.0,,9.0,,9.0,,9.0,,9.0,0.0,2.0,0.0,2.0,1.661,1.0,,9.0,,9.0,,9.0,0.0,2.0,99.924,2.0,1.8586,2.0,,,,,['I08N'],2019-12-05,2019-12-27,Akiko
101,7.0,1.0,13.0,,  I08N,1213.0,2.0,20191206.0,1151.0,5.3329,79.9959,4147,2997.4,1.7213,1.7217,2.0,34.732,2.0,34.7328,2.0,148.4,2.0,148.4,2.0,139.74,2.0,35.25,2.0,0.02,2.0,2.48,2.0,0.05,2.0,0.025,2.0,0.009,2.0,0.006,2.0,0.01,2.0,2326.0,2.0,2421.5,2.0,,9.0,,9.0,,9.0,,9.0,0.0,2.0,0.0,2.0,1.675,1.0,,9.0,,9.0,,9.0,-0.001,2.0,99.922,2.0,1.7217,2.0,,,,,['I08N'],2019-12-05,2019-12-27,Akiko
102,7.0,1.0,12.0,,  I08N,1212.0,2.0,20191206.0,1151.0,5.3329,79.9959,4147,3249.2,1.588,1.5882,2.0,34.7267,2.0,34.7272,2.0,151.0,2.0,150.8,2.0,142.86,2.0,35.31,2.0,0.01,2.0,2.47,2.0,0.03,2.0,0.02,2.0,0.007,2.0,0.003,2.0,0.006,2.0,2329.6,2.0,2427.4,6.0,,9.0,,9.0,,9.0,,9.0,0.0,2.0,0.0,2.0,1.669,1.0,,9.0,,9.0,,9.0,0.0,2.0,99.928,2.0,1.5882,2.0,,,,,['I08N'],2019-12-05,2019-12-27,Akiko
103,7.0,1.0,11.0,,  I08N,1211.0,2.0,20191206.0,1151.0,5.3329,79.9959,4147,3498.9,1.4664,1.4666,2.0,34.7219,2.0,34.7223,2.0,157.2,2.0,157.2,2.0,143.47,2.0,35.18,2.0,0.01,2.0,2.45,2.0,0.04,2.0,0.024,2.0,0.009,2.0,0.005,2.0,0.033,2.0,2329.7,2.0,2432.2,2.0,,9.0,,9.0,,9.0,,9.0,0.0,2.0,0.0,2.0,1.649,1.0,,9.0,,9.0,,9.0,0.0,2.0,99.922,2.0,1.4666,2.0,,,,,['I08N'],2019-12-05,2019-12-27,Akiko
104,7.0,1.0,10.0,,  I08N,1210.0,2.0,20191206.0,1151.0,5.3329,79.9959,4147,3749.5,1.4226,1.4227,2.0,34.7196,2.0,34.7195,2.0,161.7,2.0,162.1,2.0,143.02,2.0,35.06,2.0,0.01,2.0,2.42,2.0,0.04,2.0,0.03,2.0,0.011,2.0,0.008,2.0,0.038,2.0,2324.6,2.0,2429.8,2.0,,9.0,,9.0,,9.0,,9.0,0.0,2.0,0.0,2.0,1.63,1.0,,9.0,,9.0,,9.0,0.0,2.0,99.909,2.0,1.4227,2.0,,,,,['I08N'],2019-12-05,2019-12-27,Akiko
105,7.0,1.0,9.0,,  I08N,1209.0,2.0,20191206.0,1151.0,5.3329,79.9959,4147,4000.0,1.4204,1.4204,2.0,34.7188,2.0,34.7183,2.0,163.4,2.0,163.6,2.0,143.0,2.0,35.06,2.0,0.01,2.0,2.42,2.0,0.03,2.0,0.03,2.0,0.011,2.0,0.004,2.0,0.025,2.0,2324.9,2.0,2430.0,2.0,,9.0,,9.0,,9.0,,9.0,0.0,2.0,0.0,2.0,1.635,1.0,,9.0,,9.0,,9.0,0.0,2.0,99.861,2.0,1.4204,2.0,,,,,['I08N'],2019-12-05,2019-12-27,Akiko
106,7.0,1.0,8.0,,  I08N,1208.0,2.0,20191206.0,1151.0,5.3329,79.9959,4147,297.4,11.9015,11.9019,2.0,35.116,2.0,,9.0,53.5,2.0,,9.0,,9.0,,9.0,,9.0,,9.0,,9.0,,9.0,,9.0,,9.0,,9.0,,9.0,,9.0,,9.0,,9.0,,9.0,,9.0,0.0,2.0,0.0,2.0,1.593,1.0,,9.0,,9.0,,9.0,0.005,2.0,99.501,2.0,11.9019,2.0,,,,,['I08N'],2019-12-05,2019-12-27,Akiko
107,7.0,1.0,7.0,,  I08N,1207.0,2.0,20191206.0,1151.0,5.3329,79.9959,4147,499.2,10.3274,10.3276,2.0,35.0822,2.0,,9.0,35.4,2.0,,9.0,,9.0,,9.0,,9.0,,9.0,,9.0,,9.0,,9.0,,9.0,,9.0,,9.0,,9.0,,9.0,,9.0,,9.0,,9.0,0.0,2.0,0.0,2.0,1.639,1.0,,9.0,,9.0,,9.0,0.006,2.0,99.678,2.0,10.3276,2.0,,,,,['I08N'],2019-12-05,2019-12-27,Akiko
108,7.0,1.0,6.0,,  I08N,1206.0,2.0,20191206.0,1151.0,5.3329,79.9959,4147,998.7,6.8479,6.8478,2.0,34.9541,2.0,,9.0,44.2,2.0,,9.0,,9.0,,9.0,,9.0,,9.0,,9.0,,9.0,,9.0,,9.0,,9.0,,9.0,,9.0,,9.0,,9.0,,9.0,,9.0,0.0,2.0,0.0,2.0,1.713,1.0,,9.0,,9.0,,9.0,0.003,2.0,99.815,2.0,6.8478,2.0,,,,,['I08N'],2019-12-05,2019-12-27,Akiko
109,7.0,1.0,5.0,,  I08N,1205.0,2.0,20191206.0,1151.0,5.3329,79.9959,4147,1998.3,2.847,2.8471,2.0,34.7834,2.0,,9.0,119.5,2.0,,9.0,,9.0,,9.0,,9.0,,9.0,,9.0,,9.0,,9.0,,9.0,,9.0,,9.0,,9.0,,9.0,,9.0,,9.0,,9.0,0.0,2.0,0.0,2.0,1.689,1.0,,9.0,,9.0,,9.0,0.0,2.0,99.909,2.0,2.8471,2.0,,,,,['I08N'],2019-12-05,2019-12-27,Akiko
110,7.0,1.0,4.0,,  I08N,1204.0,2.0,20191206.0,1151.0,5.3329,79.9959,4147,2997.5,1.7268,1.7273,2.0,34.7321,2.0,,9.0,148.2,2.0,,9.0,,9.0,,9.0,,9.0,,9.0,,9.0,,9.0,,9.0,,9.0,,9.0,,9.0,,9.0,,9.0,,9.0,,9.0,,9.0,0.0,2.0,0.0,2.0,1.669,1.0,,9.0,,9.0,,9.0,0.0,2.0,99.924,2.0,1.7273,2.0,,,,,['I08N'],2019-12-05,2019-12-27,Akiko
111,7.0,1.0,3.0,,  I08N,1203.0,2.0,20191206.0,1151.0,5.3329,79.9959,4147,4002.5,1.4208,1.4208,2.0,34.7188,2.0,,9.0,163.4,2.0,,9.0,,9.0,,9.0,,9.0,,9.0,,9.0,,9.0,,9.0,,9.0,,9.0,,9.0,,9.0,,9.0,,9.0,,9.0,,9.0,0.0,2.0,0.0,2.0,1.627,1.0,,9.0,,9.0,,9.0,0.0,2.0,99.863,2.0,1.4208,2.0,,,,,['I08N'],2019-12-05,2019-12-27,Akiko
112,7.0,1.0,2.0,,  I08N,12046.0,2.0,20191206.0,1151.0,5.3329,79.9959,4147,4195.5,1.3987,1.3987,2.0,34.7176,2.0,,9.0,169.7,2.0,,9.0,,9.0,,9.0,,9.0,,9.0,,9.0,,9.0,,9.0,,9.0,,9.0,,9.0,,9.0,,9.0,,9.0,,9.0,,9.0,0.0,2.0,0.0,2.0,1.586,1.0,,9.0,,9.0,,9.0,0.001,2.0,99.831,2.0,1.3987,2.0,,,,,['I08N'],2019-12-05,2019-12-27,Akiko
113,7.0,1.0,1.0,,  I08N,1201.0,2.0,20191206.0,1151.0,5.3329,79.9959,4147,4195.2,1.3987,1.3988,2.0,34.7176,2.0,34.719,2.0,169.7,2.0,169.4,2.0,139.73,2.0,34.86,2.0,0.01,2.0,2.4,2.0,0.02,2.0,0.022,2.0,0.009,2.0,0.005,2.0,0.024,2.0,2315.7,2.0,2425.2,2.0,,9.0,,9.0,,9.0,,9.0,0.0,2.0,0.0,2.0,1.585,1.0,,9.0,,9.0,,9.0,0.001,2.0,99.844,2.0,1.3988,2.0,,,,,['I08N'],2019-12-05,2019-12-27,Akiko
114,9.0,1.0,36.0,,  I08N,1236.0,2.0,20191206.0,2125.0,4.6658,79.9985,4276,9.6,28.9662,28.9645,2.0,33.577,2.0,33.5783,2.0,195.7,2.0,195.5,2.0,1.47,2.0,0.02,2.0,0.01,2.0,0.05,2.0,0.06,2.0,1.394,2.0,0.902,2.0,0.122,2.0,1.664,2.0,1899.3,2.0,2213.2,2.0,74.1,2.0,0.18,2.0,,9.0,,9.0,0.0,2.0,0.0,2.0,1.193,1.0,0.271,2.0,0.143,2.0,0.017,2.0,0.147,2.0,98.52,2.0,28.9645,2.0,,,,,['I08N'],2019-12-05,2019-12-27,Akiko
115,9.0,1.0,35.0,,  I08N,1235.0,2.0,20191206.0,2125.0,4.6658,79.9985,4276,50.4,25.0786,25.098,2.0,34.8632,2.0,34.8527,2.0,79.5,2.0,85.8,2.0,8.05,2.0,13.36,2.0,0.34,2.0,1.02,2.0,0.05,2.0,1.365,2.0,0.877,2.0,0.063,2.0,1.301,2.0,2082.2,2.0,2279.6,2.0,61.3,2.0,0.46,2.0,,9.0,,9.0,0.0,2.0,0.0,2.0,1.547,1.0,0.392,2.0,0.228,2.0,0.037,2.0,0.351,2.0,98.567,2.0,25.098,2.0,,,,,['I08N'],2019-12-05,2019-12-27,Akiko
116,9.0,1.0,34.0,,  I08N,1234.0,2.0,20191206.0,2125.0,4.6658,79.9985,4276,100.1,17.8476,17.8529,2.0,34.8778,2.0,34.878,2.0,7.8,2.0,7.7,2.0,24.15,2.0,27.86,2.0,0.01,2.0,2.07,2.0,0.04,2.0,1.082,2.0,0.687,2.0,0.004,2.0,0.633,2.0,2205.4,2.0,2289.0,2.0,49.8,2.0,0.03,2.0,,9.0,,9.0,0.0,2.0,0.0,2.0,1.701,1.0,0.36,2.0,0.21,2.0,0.027,2.0,0.011,2.0,99.583,2.0,17.8529,2.0,,,,,['I08N'],2019-12-05,2019-12-27,Akiko
117,9.0,1.0,33.0,,  I08N,1233.0,2.0,20191206.0,2125.0,4.6658,79.9985,4276,149.9,14.01,14.006,2.0,35.008,2.0,35.0117,2.0,13.1,2.0,13.2,2.0,29.66,2.0,30.96,2.0,0.01,2.0,2.25,2.0,0.02,2.0,1.036,2.0,0.618,2.0,0.006,2.0,0.357,2.0,2232.9,2.0,2308.2,2.0,45.3,2.0,0.01,2.0,,9.0,,9.0,0.0,2.0,0.0,2.0,1.693,1.0,0.366,2.0,0.224,2.0,0.042,2.0,-0.005,2.0,99.55,2.0,14.006,2.0,,,,,['I08N'],2019-12-05,2019-12-27,Akiko
118,9.0,1.0,32.0,,  I08N,1232.0,2.0,20191206.0,2125.0,4.6658,79.9985,4276,200.8,12.9231,12.9214,2.0,35.0935,2.0,35.0964,2.0,33.9,2.0,35.0,2.0,26.4,2.0,29.89,2.0,0.01,2.0,2.1,2.0,0.02,2.0,1.366,2.0,0.793,2.0,0.003,2.0,0.506,2.0,2234.4,2.0,2310.5,2.0,43.5,2.0,0.01,2.0,,9.0,,9.0,0.0,2.0,0.0,2.0,1.632,1.0,0.364,2.0,0.227,2.0,0.045,2.0,0.001,2.0,99.554,2.0,12.9214,2.0,,,,,['I08N'],2019-12-05,2019-12-27,Akiko
119,9.0,1.0,31.0,,  I08N,1231.0,2.0,20191206.0,2125.0,4.6658,79.9985,4276,250.0,12.0992,12.0966,2.0,35.0917,2.0,35.0918,2.0,46.4,2.0,46.5,2.0,26.6,2.0,29.82,2.0,0.01,2.0,2.07,2.0,0.01,2.0,1.434,2.0,0.81,2.0,0.01,2.0,0.466,2.0,2235.9,2.0,2314.3,2.0,42.5,2.0,0.01,2.0,,9.0,,9.0,0.0,2.0,0.0,2.0,1.604,1.0,,9.0,,9.0,,9.0,0.004,2.0,99.512,2.0,12.0966,2.0,,,,,['I08N'],2019-12-05,2019-12-27,Akiko
120,9.0,1.0,30.0,,  I08N,1230.0,2.0,20191206.0,2125.0,4.6658,79.9985,4276,328.3,11.4868,11.4867,2.0,35.0845,2.0,35.0928,2.0,51.8,2.0,53.0,2.0,27.57,2.0,30.21,2.0,0.0,2.0,2.08,2.0,0.02,2.0,1.406,2.0,0.789,2.0,0.013,2.0,0.431,2.0,2235.7,2.0,2314.1,2.0,41.4,2.0,,9.0,,9.0,,9.0,0.0,2.0,0.0,2.0,1.592,1.0,0.341,2.0,0.208,2.0,0.037,2.0,0.005,2.0,99.539,2.0,11.4867,2.0,,,,,['I08N'],2019-12-05,2019-12-27,Akiko
121,9.0,1.0,29.0,,  I08N,1229.0,2.0,20191206.0,2125.0,4.6658,79.9985,4276,429.5,10.5434,10.5415,2.0,35.0743,2.0,35.0715,2.0,33.4,2.0,31.7,2.0,38.61,2.0,33.66,2.0,0.01,2.0,2.39,2.0,0.04,2.0,0.775,2.0,0.429,2.0,0.005,2.0,0.23,2.0,2262.2,2.0,2321.6,2.0,41.1,2.0,,9.0,,9.0,,9.0,0.0,2.0,0.0,2.0,1.643,1.0,0.351,2.0,0.212,2.0,0.04,2.0,0.005,2.0,99.617,2.0,10.5415,2.0,,,,,['I08N'],2019-12-05,2019-12-27,Akiko
122,9.0,1.0,28.0,,  I08N,1228.0,2.0,20191206.0,2125.0,4.6658,79.9985,4276,529.9,10.0379,10.0405,2.0,35.0848,2.0,35.0811,2.0,32.5,2.0,30.8,2.0,44.52,2.0,34.5,2.0,0.01,2.0,2.5,2.0,0.05,2.0,0.55,2.0,0.311,2.0,0.004,2.0,0.156,2.0,2269.6,2.0,2326.7,2.0,38.7,2.0,,9.0,,9.0,,9.0,0.0,2.0,0.0,2.0,1.651,1.0,0.365,2.0,0.227,2.0,0.049,2.0,0.005,2.0,99.697,2.0,10.0405,2.0,,,,,['I08N'],2019-12-05,2019-12-27,Akiko
123,9.0,1.0,27.0,,  I08N,1227.0,2.0,20191206.0,2125.0,4.6658,79.9985,4276,629.3,9.0716,9.0716,2.0,35.0296,2.0,35.0287,2.0,22.3,2.0,22.4,2.0,57.24,2.0,36.51,2.0,0.01,2.0,2.66,2.0,0.03,2.0,0.238,2.0,0.137,2.0,0.002,2.0,0.059,2.0,2288.8,2.0,2337.7,2.0,39.2,2.0,,9.0,,9.0,,9.0,0.0,2.0,0.0,2.0,1.695,1.0,0.372,2.0,0.232,2.0,0.048,2.0,0.005,2.0,99.701,2.0,9.0716,2.0,,,,,['I08N'],2019-12-05,2019-12-27,Akiko
124,9.0,1.0,26.0,,  I08N,1226.0,2.0,20191206.0,2125.0,4.6658,79.9985,4276,729.4,8.3759,8.3762,2.0,35.0133,2.0,35.0109,2.0,28.9,2.0,28.4,2.0,64.96,2.0,37.06,2.0,0.01,2.0,2.7,2.0,0.03,2.0,0.152,2.0,0.085,2.0,0.008,2.0,0.028,2.0,2296.3,6.0,2344.4,2.0,37.0,2.0,,9.0,,9.0,,9.0,0.0,2.0,0.0,2.0,1.707,1.0,,9.0,,9.0,,9.0,0.004,2.0,99.756,2.0,8.3762,2.0,,,,,['I08N'],2019-12-05,2019-12-27,Akiko
125,9.0,1.0,25.0,,  I08N,1225.0,2.0,20191206.0,2125.0,4.6658,79.9985,4276,830.8,7.757,7.7556,2.0,34.979,2.0,34.9805,2.0,32.2,2.0,32.7,2.0,72.39,2.0,37.39,2.0,0.01,2.0,2.74,2.0,0.04,2.0,0.096,2.0,0.056,2.0,0.002,2.0,0.022,2.0,2304.4,2.0,2351.5,2.0,37.2,2.0,,9.0,,9.0,,9.0,0.0,2.0,0.0,2.0,1.701,1.0,0.446,2.0,0.234,2.0,0.049,2.0,0.003,2.0,99.773,2.0,7.7556,2.0,,,,,['I08N'],2019-12-05,2019-12-27,Akiko
126,9.0,1.0,24.0,,  I08N,1224.0,2.0,20191206.0,2125.0,4.6658,79.9985,4276,930.6,7.2445,7.2464,2.0,34.9679,2.0,34.9665,2.0,41.6,2.0,41.8,2.0,77.28,2.0,37.36,2.0,0.0,2.0,2.74,2.0,0.05,2.0,0.081,2.0,0.044,2.0,0.004,2.0,0.021,2.0,2305.7,2.0,2355.1,2.0,38.9,2.0,,9.0,,9.0,,9.0,0.0,2.0,0.0,2.0,1.705,1.0,,9.0,,9.0,,9.0,0.002,2.0,99.821,2.0,7.2464,2.0,,,,,['I08N'],2019-12-05,2019-12-27,Akiko
127,9.0,1.0,23.0,,  I08N,1223.0,2.0,20191206.0,2125.0,4.6658,79.9985,4276,1067.7,6.5481,6.5501,2.0,34.9323,2.0,34.9319,2.0,47.9,2.0,48.0,2.0,85.81,2.0,37.67,2.0,0.0,2.0,2.76,2.0,0.06,2.0,0.055,2.0,0.028,2.0,0.003,2.0,0.008,2.0,2311.6,2.0,2365.0,2.0,40.4,2.0,,9.0,,9.0,,9.0,0.0,2.0,0.0,2.0,1.705,1.0,0.435,2.0,0.222,2.0,0.044,2.0,0.002,2.0,99.817,2.0,6.5501,2.0,,,,,['I08N'],2019-12-05,2019-12-27,Akiko
128,9.0,1.0,22.0,,  I08N,1222.0,2.0,20191206.0,2125.0,4.6658,79.9985,4276,1270.2,5.7708,5.7708,2.0,34.9056,2.0,34.9053,2.0,61.3,2.0,61.3,2.0,93.2,2.0,37.48,2.0,0.0,2.0,2.74,2.0,0.04,2.0,0.038,2.0,0.017,2.0,0.001,2.0,0.006,2.0,2318.0,2.0,2372.6,6.0,39.0,2.0,,9.0,,9.0,,9.0,0.0,2.0,0.0,2.0,1.701,1.0,,9.0,,9.0,,9.0,0.001,2.0,99.861,2.0,5.7708,2.0,,,,,['I08N'],2019-12-05,2019-12-27,Akiko
129,9.0,1.0,21.0,,  I08N,1221.0,2.0,20191206.0,2125.0,4.6658,79.9985,4276,1469.9,4.7003,4.7005,2.0,34.8598,2.0,34.8594,2.0,75.5,2.0,75.6,2.0,106.43,2.0,37.61,2.0,0.0,2.0,2.75,2.0,0.03,2.0,0.023,2.0,0.01,2.0,0.0,2.0,0.005,2.0,2321.7,2.0,2383.4,2.0,39.3,2.0,,9.0,,9.0,,9.0,0.0,2.0,0.0,2.0,1.711,1.0,0.467,2.0,0.249,2.0,0.05,2.0,0.001,2.0,99.846,2.0,4.7005,2.0,,,,,['I08N'],2019-12-05,2019-12-27,Akiko
130,9.0,1.0,20.0,,  I08N,1220.0,2.0,20191206.0,2125.0,4.6658,79.9985,4276,1669.7,3.8565,3.8572,2.0,34.8272,2.0,34.8277,2.0,92.6,2.0,93.4,2.0,114.86,2.0,37.1,2.0,0.0,2.0,2.69,2.0,0.02,2.0,0.018,2.0,0.008,2.0,0.002,2.0,0.006,2.0,2328.0,2.0,2394.3,2.0,38.8,2.0,,9.0,,9.0,,9.0,0.0,2.0,0.0,2.0,1.702,1.0,,9.0,,9.0,,9.0,0.0,2.0,99.865,2.0,3.8572,2.0,,,,,['I08N'],2019-12-05,2019-12-27,Akiko
131,9.0,1.0,19.0,,  I08N,1219.0,2.0,20191206.0,2125.0,4.6658,79.9985,4276,1869.6,3.1249,3.1246,2.0,34.7952,2.0,34.7955,2.0,108.2,2.0,108.1,2.0,123.71,2.0,36.86,2.0,0.0,2.0,2.65,2.0,0.01,2.0,0.019,2.0,0.008,2.0,0.0,2.0,0.017,2.0,2328.7,2.0,2402.8,2.0,37.4,2.0,,9.0,,9.0,,9.0,0.0,2.0,0.0,2.0,1.715,1.0,0.424,2.0,0.221,2.0,0.038,2.0,0.0,2.0,99.861,2.0,3.1246,2.0,,,,,['I08N'],2019-12-05,2019-12-27,Akiko
132,9.0,1.0,18.0,,  I08N,1218.0,2.0,20191206.0,2125.0,4.6658,79.9985,4276,2068.5,2.713,2.7141,2.0,34.7776,2.0,34.7781,2.0,121.3,2.0,121.2,2.0,126.74,2.0,36.28,2.0,0.0,2.0,2.59,2.0,0.02,2.0,0.015,2.0,0.008,2.0,0.002,2.0,0.012,2.0,2326.0,2.0,2405.3,2.0,39.9,2.0,,9.0,,9.0,,9.0,0.0,2.0,0.0,2.0,1.669,1.0,,9.0,,9.0,,9.0,0.001,2.0,99.869,2.0,2.7141,2.0,,,,,['I08N'],2019-12-05,2019-12-27,Akiko
133,9.0,1.0,17.0,,  I08N,1217.0,2.0,20191206.0,2125.0,4.6658,79.9985,4276,2270.4,2.4002,2.4003,2.0,34.7616,2.0,34.7625,2.0,132.9,2.0,133.0,2.0,127.53,2.0,35.51,2.0,0.0,2.0,2.52,2.0,0.03,2.0,0.017,2.0,0.006,2.0,0.001,2.0,0.015,2.0,2321.1,3.0,2407.4,2.0,35.6,2.0,,9.0,,9.0,,9.0,0.0,2.0,0.0,2.0,1.639,1.0,0.417,2.0,0.221,2.0,0.039,2.0,0.0,2.0,99.895,2.0,2.4003,2.0,,,,,['I08N'],2019-12-05,2019-12-27,Akiko
134,9.0,1.0,16.0,,  I08N,1216.0,2.0,20191206.0,2125.0,4.6658,79.9985,4276,2469.7,2.1884,2.1886,2.0,34.7523,2.0,34.7522,2.0,132.6,2.0,133.0,2.0,134.5,2.0,35.74,2.0,0.0,2.0,2.54,2.0,0.03,2.0,0.019,2.0,0.006,2.0,0.003,2.0,0.011,2.0,2329.2,6.0,2414.5,2.0,35.4,2.0,,9.0,,9.0,,9.0,0.0,2.0,0.0,2.0,1.679,1.0,,9.0,,9.0,,9.0,0.0,2.0,99.878,2.0,2.1886,2.0,,,,,['I08N'],2019-12-05,2019-12-27,Akiko
135,9.0,1.0,14.0,,  I08N,1214.0,2.0,20191206.0,2125.0,4.6658,79.9985,4276,2871.6,1.8251,1.825,2.0,34.7364,2.0,34.7356,2.0,146.2,2.0,146.3,2.0,137.5,2.0,35.35,2.0,0.01,2.0,2.49,2.0,0.04,2.0,0.018,2.0,0.006,2.0,0.0,2.0,0.013,2.0,2328.5,2.0,2417.6,2.0,32.8,3.0,,9.0,,9.0,,9.0,0.0,2.0,0.0,2.0,1.646,1.0,,9.0,,9.0,,9.0,0.0,2.0,99.878,4.0,1.825,2.0,,,,,['I08N'],2019-12-05,2019-12-27,Akiko
136,9.0,1.0,13.0,,  I08N,1213.0,2.0,20191206.0,2125.0,4.6658,79.9985,4276,3080.6,1.6792,1.6794,2.0,34.7305,2.0,34.7302,2.0,148.8,2.0,149.0,2.0,140.92,2.0,35.25,2.0,0.01,2.0,2.47,2.0,0.03,2.0,0.016,2.0,0.007,2.0,0.002,2.0,0.014,2.0,2335.2,3.0,2424.1,2.0,37.0,2.0,,9.0,,9.0,,9.0,0.0,2.0,0.0,2.0,1.656,1.0,0.405,2.0,0.2,2.0,0.031,2.0,0.0,2.0,99.897,4.0,1.6794,2.0,,,,,['I08N'],2019-12-05,2019-12-27,Akiko
137,9.0,1.0,12.0,,  I08N,1212.0,2.0,20191206.0,2125.0,4.6658,79.9985,4276,3330.6,1.5693,1.5693,2.0,34.726,2.0,34.726,2.0,152.8,2.0,153.0,2.0,142.52,2.0,35.29,2.0,0.01,2.0,2.45,2.0,0.05,2.0,0.018,2.0,0.008,2.0,0.0,2.0,0.001,2.0,2331.4,2.0,2427.0,6.0,39.4,2.0,,9.0,,9.0,,9.0,0.0,2.0,0.0,2.0,1.665,1.0,,9.0,,9.0,,9.0,-0.001,2.0,99.922,2.0,1.5693,2.0,,,,,['I08N'],2019-12-05,2019-12-27,Akiko
138,9.0,1.0,11.0,,  I08N,1211.0,2.0,20191206.0,2125.0,4.6658,79.9985,4276,3580.3,1.4922,1.4924,2.0,34.7226,2.0,34.7229,2.0,156.4,2.0,156.7,2.0,143.56,2.0,35.04,2.0,0.0,2.0,2.44,2.0,0.03,2.0,0.021,2.0,0.009,2.0,0.002,2.0,0.008,2.0,2331.5,2.0,2431.3,2.0,38.2,2.0,,9.0,,9.0,,9.0,0.0,2.0,0.0,2.0,1.64,1.0,0.422,2.0,0.219,2.0,0.039,2.0,0.0,2.0,99.916,2.0,1.4924,2.0,,,,,['I08N'],2019-12-05,2019-12-27,Akiko
139,9.0,1.0,10.0,,  I08N,1210.0,2.0,20191206.0,2125.0,4.6658,79.9985,4276,3828.8,1.4305,1.4308,2.0,34.7199,2.0,34.7203,2.0,163.4,2.0,163.7,2.0,141.57,2.0,34.72,2.0,0.0,2.0,2.41,2.0,0.05,2.0,0.021,2.0,0.008,2.0,0.001,2.0,0.037,2.0,2330.2,2.0,2426.0,2.0,37.8,2.0,,9.0,,9.0,,9.0,0.0,2.0,0.0,2.0,1.609,1.0,,9.0,,9.0,,9.0,-0.001,2.0,99.916,2.0,1.4308,2.0,,,,,['I08N'],2019-12-05,2019-12-27,Akiko
140,9.0,1.0,9.0,,  I08N,1209.0,2.0,20191206.0,2125.0,4.6658,79.9985,4276,4082.3,1.4154,1.4155,2.0,34.7186,2.0,34.7187,2.0,167.8,2.0,168.3,2.0,139.58,2.0,34.55,2.0,0.0,2.0,2.38,2.0,0.04,2.0,0.02,2.0,0.008,2.0,0.002,2.0,0.009,2.0,2320.6,2.0,2422.9,2.0,40.3,2.0,,9.0,,9.0,,9.0,0.0,2.0,0.0,2.0,1.577,1.0,0.399,2.0,0.199,2.0,0.034,2.0,0.0,2.0,99.943,2.0,1.4155,2.0,,,,,['I08N'],2019-12-05,2019-12-27,Akiko
141,9.0,1.0,8.0,,  I08N,1208.0,2.0,20191206.0,2125.0,4.6658,79.9985,4276,2670.5,1.9852,1.9848,2.0,34.7432,2.0,34.7431,2.0,138.5,2.0,139.4,2.0,136.9,2.0,35.7,2.0,0.0,2.0,2.51,2.0,0.03,2.0,0.021,2.0,0.009,2.0,0.002,2.0,0.034,2.0,2329.6,2.0,2417.0,2.0,,9.0,,9.0,,9.0,,9.0,0.0,2.0,0.0,2.0,1.663,1.0,0.437,2.0,0.236,2.0,0.05,2.0,0.001,2.0,99.895,2.0,1.9848,2.0,,,,,['I08N'],2019-12-05,2019-12-27,Akiko
142,9.0,1.0,4.0,,  I08N,1204.0,2.0,20191206.0,2125.0,4.6658,79.9985,4276,150.2,14.0048,14.0087,2.0,35.0086,2.0,,9.0,13.0,2.0,,9.0,,9.0,,9.0,,9.0,,9.0,,9.0,,9.0,,9.0,,9.0,,9.0,,9.0,,9.0,,9.0,,9.0,,9.0,,9.0,0.0,2.0,0.0,2.0,1.684,1.0,,9.0,,9.0,,9.0,-0.004,2.0,99.552,2.0,14.0087,2.0,,,,,['I08N'],2019-12-05,2019-12-27,Akiko
143,9.0,1.0,2.0,,  I08N,12046.0,2.0,20191206.0,2125.0,4.6658,79.9985,4276,43.0,27.8456,27.8636,2.0,34.6332,2.0,34.636,2.0,163.5,2.0,162.1,2.0,2.22,2.0,1.42,2.0,0.12,2.0,0.34,2.0,0.16,2.0,,9.0,,9.0,,9.0,,9.0,2002.3,2.0,2274.9,2.0,67.7,2.0,0.71,2.0,,9.0,,9.0,0.0,2.0,0.0,2.0,1.518,1.0,0.532,2.0,0.281,2.0,0.04,2.0,0.619,2.0,97.473,2.0,27.8636,2.0,,,,,['I08N'],2019-12-05,2019-12-27,Akiko
144,9.0,1.0,1.0,,  I08N,1201.0,2.0,20191206.0,2125.0,4.6658,79.9985,4276,4324.2,1.4135,1.4135,2.0,34.7179,2.0,34.7184,2.0,170.2,2.0,170.5,2.0,138.96,2.0,34.5,2.0,0.0,2.0,2.37,2.0,0.04,2.0,0.024,2.0,0.009,2.0,0.006,2.0,0.021,2.0,2320.1,2.0,2423.8,2.0,38.1,2.0,,9.0,,9.0,,9.0,0.0,2.0,0.0,2.0,1.576,1.0,0.381,2.0,0.193,2.0,0.033,2.0,0.0,2.0,99.81,2.0,1.4135,2.0,,,,,['I08N'],2019-12-05,2019-12-27,Akiko
145,12.0,1.0,36.0,,  I08N,1236.0,2.0,20191207.0,1216.0,3.6719,80.0007,4358,10.1,29.2149,29.2138,2.0,34.0695,2.0,34.0702,2.0,196.6,2.0,196.6,2.0,1.48,2.0,0.01,2.0,0.0,2.0,0.09,2.0,0.02,2.0,1.4,2.0,0.91,2.0,0.117,2.0,1.558,2.0,1926.9,2.0,2245.3,2.0,66.2,2.0,0.1,2.0,63.7,2.0,283.7,2.0,0.0,2.0,0.0,2.0,1.183,1.0,0.212,2.0,0.093,2.0,0.008,2.0,0.083,2.0,98.353,2.0,29.2138,2.0,,,,,['I08N'],2019-12-05,2019-12-27,Akiko
146,12.0,1.0,35.0,,  I08N,1235.0,2.0,20191207.0,1216.0,3.6719,80.0007,4358,49.8,29.4545,29.4517,2.0,34.4934,2.0,34.4826,2.0,195.5,2.0,195.5,2.0,1.47,2.0,0.01,2.0,0.0,2.0,0.1,2.0,0.05,2.0,1.37,2.0,0.893,2.0,0.108,2.0,1.478,2.0,1940.5,2.0,2263.9,2.0,65.1,2.0,0.15,2.0,78.7,2.0,296.7,2.0,0.0,2.0,0.0,2.0,1.144,1.0,0.198,2.0,0.098,2.0,0.007,2.0,0.163,2.0,98.542,2.0,29.4517,2.0,,,,,['I08N'],2019-12-05,2019-12-27,Akiko
147,12.0,1.0,34.0,,  I08N,1234.0,2.0,20191207.0,1216.0,3.6719,80.0007,4358,100.5,17.2971,17.3083,2.0,34.8977,2.0,34.898,2.0,14.3,2.0,14.5,2.0,24.49,2.0,28.03,2.0,0.01,2.0,2.02,2.0,0.04,2.0,1.124,2.0,0.684,2.0,0.005,2.0,0.614,2.0,2209.2,2.0,2298.7,2.0,46.2,2.0,0.02,2.0,71.7,2.0,439.1,2.0,0.0,2.0,0.0,2.0,1.668,1.0,0.337,2.0,0.193,2.0,0.033,2.0,0.012,2.0,99.523,2.0,17.3083,2.0,,,,,['I08N'],2019-12-05,2019-12-27,Akiko
148,12.0,1.0,33.0,,  I08N,1233.0,2.0,20191207.0,1216.0,3.6719,80.0007,4358,149.6,13.9541,13.9497,2.0,34.9926,2.0,34.9957,2.0,7.8,2.0,7.8,2.0,31.37,2.0,31.48,2.0,0.0,2.0,2.29,2.0,0.03,2.0,0.937,2.0,0.54,2.0,0.012,2.0,0.358,2.0,2251.2,2.0,2311.4,2.0,41.6,2.0,0.01,2.0,33.5,2.0,457.0,2.0,0.0,2.0,0.0,2.0,1.711,1.0,0.336,2.0,0.193,2.0,0.033,2.0,-0.005,2.0,99.546,2.0,13.9497,2.0,,,,,['I08N'],2019-12-05,2019-12-27,Akiko
149,12.0,1.0,32.0,,  I08N,1232.0,2.0,20191207.0,1216.0,3.6719,80.0007,4358,199.6,12.5762,12.576,2.0,35.0392,2.0,35.0396,2.0,12.9,2.0,12.4,2.0,33.09,2.0,32.59,2.0,0.0,2.0,2.32,2.0,0.04,2.0,0.919,2.0,0.524,2.0,0.015,2.0,0.298,2.0,2264.1,2.0,2314.4,2.0,42.9,2.0,0.01,2.0,71.8,2.0,426.9,2.0,0.0,2.0,0.0,2.0,1.692,1.0,0.348,2.0,0.199,2.0,0.036,2.0,0.001,2.0,99.546,2.0,12.576,2.0,,,,,['I08N'],2019-12-05,2019-12-27,Akiko
150,12.0,1.0,31.0,,  I08N,1231.0,2.0,20191207.0,1216.0,3.6719,80.0007,4358,249.9,11.9795,11.9798,2.0,35.0864,2.0,35.0864,2.0,63.4,2.0,60.8,2.0,24.6,2.0,28.56,2.0,0.0,2.0,1.96,2.0,0.07,2.0,1.6,2.0,0.887,2.0,0.017,2.0,0.504,2.0,2232.6,2.0,2314.6,2.0,43.0,2.0,0.01,2.0,68.8,2.0,449.5,2.0,0.0,2.0,0.0,2.0,1.566,1.0,,9.0,,9.0,,9.0,0.002,2.0,99.527,2.0,11.9798,2.0,,,,,['I08N'],2019-12-05,2019-12-27,Akiko
151,12.0,1.0,30.0,,  I08N,1230.0,2.0,20191207.0,1216.0,3.6719,80.0007,4358,279.4,11.6165,11.6162,2.0,35.0643,2.0,35.0657,2.0,70.9,2.0,66.8,2.0,25.2,2.0,28.7,2.0,0.01,2.0,1.96,2.0,0.05,2.0,1.591,2.0,0.878,2.0,0.016,2.0,0.531,2.0,2231.0,2.0,2312.3,2.0,45.0,2.0,,9.0,58.9,2.0,447.4,2.0,0.0,2.0,0.0,2.0,1.546,1.0,0.297,2.0,0.165,2.0,0.027,2.0,0.003,2.0,99.559,2.0,11.6162,2.0,,,,,['I08N'],2019-12-05,2019-12-27,Akiko
152,12.0,1.0,29.0,,  I08N,1229.0,2.0,20191207.0,1216.0,3.6719,80.0007,4358,370.4,11.0441,11.0439,2.0,35.0656,2.0,35.0636,2.0,56.6,2.0,55.9,2.0,30.03,2.0,30.9,2.0,0.01,2.0,2.12,2.0,0.04,2.0,1.303,2.0,0.715,2.0,0.015,2.0,0.327,2.0,2244.9,2.0,2315.6,2.0,45.2,2.0,,9.0,65.7,2.0,444.5,2.0,0.0,2.0,0.0,2.0,1.581,1.0,0.313,2.0,0.179,2.0,0.035,2.0,0.004,2.0,99.565,2.0,11.0439,2.0,,,,,['I08N'],2019-12-05,2019-12-27,Akiko
153,12.0,1.0,28.0,,  I08N,1228.0,2.0,20191207.0,1216.0,3.6719,80.0007,4358,469.9,10.5991,10.599,2.0,35.1138,2.0,35.1184,2.0,37.7,2.0,37.4,2.0,37.22,2.0,33.19,2.0,0.01,2.0,2.34,2.0,0.05,2.0,0.862,2.0,0.474,2.0,0.011,2.0,0.2,2.0,2264.6,2.0,2324.0,2.0,43.6,2.0,,9.0,85.3,2.0,458.3,2.0,0.0,2.0,0.0,2.0,1.622,1.0,0.323,2.0,0.187,2.0,0.039,2.0,0.005,2.0,99.641,2.0,10.599,2.0,,,,,['I08N'],2019-12-05,2019-12-27,Akiko
154,12.0,1.0,27.0,,  I08N,1227.0,2.0,20191207.0,1216.0,3.6719,80.0007,4358,569.5,9.6084,9.6084,2.0,35.0379,2.0,35.0392,2.0,31.3,2.0,29.9,2.0,48.19,2.0,35.34,2.0,0.01,2.0,2.53,2.0,0.07,2.0,0.436,2.0,0.237,2.0,0.007,2.0,0.071,2.0,2280.0,2.0,2328.1,2.0,42.0,2.0,,9.0,83.1,2.0,454.9,2.0,0.0,2.0,0.0,2.0,1.64,1.0,0.369,2.0,0.228,2.0,0.051,2.0,0.004,2.0,99.713,2.0,9.6084,2.0,,,,,['I08N'],2019-12-05,2019-12-27,Akiko
155,12.0,1.0,26.0,,  I08N,1226.0,2.0,20191207.0,1216.0,3.6719,80.0007,4358,671.3,9.1376,9.1376,2.0,35.0323,2.0,35.0327,2.0,33.8,2.0,33.6,2.0,53.01,2.0,35.72,2.0,0.01,2.0,2.57,2.0,0.06,2.0,0.346,2.0,0.187,2.0,0.004,2.0,0.065,2.0,2283.0,6.0,2335.6,2.0,45.9,3.0,,9.0,58.3,2.0,419.9,2.0,0.0,2.0,0.0,2.0,1.647,1.0,,9.0,,9.0,,9.0,0.004,2.0,99.753,2.0,9.1376,2.0,,,,,['I08N'],2019-12-05,2019-12-27,Akiko
156,12.0,1.0,25.0,,  I08N,1225.0,2.0,20191207.0,1216.0,3.6719,80.0007,4358,768.4,8.3764,8.376,2.0,35.0075,2.0,35.0076,2.0,27.8,2.0,27.6,2.0,64.87,2.0,37.25,2.0,0.03,2.0,2.7,2.0,0.08,2.0,0.154,2.0,0.084,2.0,0.006,2.0,0.03,2.0,2301.5,2.0,2348.3,2.0,40.4,2.0,,9.0,65.7,2.0,451.7,2.0,0.0,2.0,0.0,2.0,1.695,1.0,0.39,2.0,0.236,2.0,0.056,2.0,0.003,2.0,99.742,2.0,8.376,2.0,,,,,['I08N'],2019-12-05,2019-12-27,Akiko
157,12.0,1.0,24.0,,  I08N,1224.0,2.0,20191207.0,1216.0,3.6719,80.0007,4358,868.3,7.6558,7.656,2.0,34.9729,2.0,34.9728,2.0,33.4,2.0,33.2,2.0,73.52,2.0,37.18,2.0,0.01,2.0,2.73,2.0,0.08,2.0,0.094,2.0,0.052,2.0,0.002,2.0,0.008,2.0,2309.1,2.0,2357.1,2.0,41.9,2.0,,9.0,62.2,2.0,447.1,2.0,0.0,2.0,0.0,2.0,1.704,1.0,,9.0,,9.0,,9.0,0.003,2.0,99.761,2.0,7.656,2.0,,,,,['I08N'],2019-12-05,2019-12-27,Akiko
158,12.0,1.0,23.0,,  I08N,1223.0,2.0,20191207.0,1216.0,3.6719,80.0007,4358,971.0,6.8703,6.8701,2.0,34.9429,2.0,34.9438,2.0,42.8,2.0,42.8,2.0,82.41,2.0,37.86,2.0,0.01,2.0,2.76,2.0,0.06,2.0,0.073,2.0,0.039,2.0,0.008,2.0,0.049,2.0,2316.4,2.0,2363.3,2.0,42.9,2.0,,9.0,67.5,2.0,447.7,2.0,0.0,2.0,0.0,2.0,1.713,1.0,0.384,2.0,0.226,2.0,0.05,2.0,0.001,2.0,99.797,2.0,6.8701,2.0,,,,,['I08N'],2019-12-05,2019-12-27,Akiko
159,12.0,1.0,22.0,,  I08N,1222.0,2.0,20191207.0,1216.0,3.6719,80.0007,4358,1128.1,6.1079,6.1081,2.0,34.9145,2.0,34.9149,2.0,53.6,2.0,54.0,2.0,90.81,2.0,37.51,2.0,0.01,2.0,2.75,2.0,0.09,2.0,0.04,2.0,0.021,2.0,0.002,2.0,0.0,2.0,2319.8,2.0,2371.9,6.0,41.9,2.0,,9.0,76.3,2.0,471.1,2.0,0.0,2.0,0.0,2.0,1.708,1.0,,9.0,,9.0,,9.0,0.002,2.0,99.807,2.0,6.1081,2.0,,,,,['I08N'],2019-12-05,2019-12-27,Akiko
160,12.0,1.0,21.0,,  I08N,1221.0,2.0,20191207.0,1216.0,3.6719,80.0007,4358,1329.4,5.425,5.4256,2.0,34.8899,2.0,34.8901,2.0,65.0,2.0,64.9,2.0,97.65,2.0,37.68,2.0,0.01,2.0,2.74,2.0,0.06,2.0,0.027,2.0,0.012,2.0,0.0,2.0,0.029,2.0,2320.3,2.0,2377.3,2.0,40.8,2.0,,9.0,118.9,2.0,472.7,2.0,0.0,2.0,0.0,2.0,1.705,1.0,0.382,2.0,0.231,2.0,0.053,2.0,0.001,2.0,99.835,2.0,5.4256,2.0,,,,,['I08N'],2019-12-05,2019-12-27,Akiko
161,12.0,1.0,20.0,,  I08N,1220.0,2.0,20191207.0,1216.0,3.6719,80.0007,4358,1529.1,4.5111,4.5135,2.0,34.8566,2.0,34.8577,2.0,83.9,2.0,83.2,2.0,105.36,2.0,37.2,2.0,0.01,2.0,2.69,2.0,0.07,2.0,0.021,2.0,0.01,2.0,0.001,2.0,0.013,2.0,2326.4,2.0,2385.4,2.0,38.2,2.0,,9.0,91.5,2.0,469.0,2.0,0.0,2.0,0.0,2.0,1.678,1.0,,9.0,,9.0,,9.0,0.001,2.0,99.877,2.0,4.5135,2.0,,,,,['I08N'],2019-12-05,2019-12-27,Akiko
162,12.0,1.0,19.0,,  I08N,1219.0,2.0,20191207.0,1216.0,3.6719,80.0007,4358,1730.7,3.6954,3.695,2.0,34.8242,2.0,34.8236,2.0,99.9,2.0,100.0,2.0,114.66,2.0,36.87,2.0,0.0,2.0,2.65,2.0,0.07,2.0,0.016,2.0,0.007,2.0,0.005,2.0,0.007,2.0,2325.7,2.0,2394.1,2.0,43.2,2.0,,9.0,,9.0,,9.0,0.0,2.0,0.0,2.0,1.678,1.0,0.368,2.0,0.214,2.0,0.045,2.0,0.0,2.0,99.877,2.0,3.695,2.0,,,,,['I08N'],2019-12-05,2019-12-27,Akiko
163,12.0,1.0,18.0,,  I08N,1218.0,2.0,20191207.0,1216.0,3.6719,80.0007,4358,1928.8,2.9768,2.9734,2.0,34.7912,2.0,34.7908,2.0,115.1,2.0,114.4,2.0,123.29,2.0,36.56,2.0,0.0,2.0,2.6,2.0,0.06,2.0,0.02,2.0,0.01,2.0,0.001,2.0,0.015,2.0,2328.2,2.0,2404.1,2.0,39.4,2.0,,9.0,,9.0,,9.0,0.0,2.0,0.0,2.0,1.665,1.0,,9.0,,9.0,,9.0,0.001,2.0,99.881,2.0,2.9734,2.0,,,,,['I08N'],2019-12-05,2019-12-27,Akiko
164,12.0,1.0,17.0,,  I08N,1217.0,2.0,20191207.0,1216.0,3.6719,80.0007,4358,2131.2,2.5467,2.5462,2.0,34.7685,2.0,34.7696,2.0,128.0,2.0,126.9,2.0,126.04,2.0,35.97,2.0,0.01,2.0,2.54,2.0,0.09,2.0,0.012,2.0,0.006,2.0,0.006,2.0,0.002,2.0,2325.7,2.0,2405.9,2.0,41.7,2.0,,9.0,,9.0,,9.0,0.0,2.0,0.0,2.0,1.65,1.0,0.362,2.0,0.213,2.0,0.047,2.0,0.001,2.0,99.883,2.0,2.5462,2.0,,,,,['I08N'],2019-12-05,2019-12-27,Akiko
165,12.0,1.0,16.0,,  I08N,1216.0,2.0,20191207.0,1216.0,3.6719,80.0007,4358,2330.3,2.294,2.294,2.0,34.757,2.0,34.7569,2.0,133.4,2.0,133.2,2.0,130.47,2.0,35.72,2.0,0.01,2.0,2.52,2.0,0.07,2.0,0.013,2.0,0.006,2.0,0.003,2.0,0.001,2.0,2327.2,6.0,2412.2,2.0,42.2,2.0,,9.0,,9.0,,9.0,0.0,2.0,0.0,2.0,1.652,1.0,,9.0,,9.0,,9.0,0.0,2.0,99.889,2.0,2.294,2.0,,,,,['I08N'],2019-12-05,2019-12-27,Akiko
166,12.0,1.0,14.0,,  I08N,1214.0,2.0,20191207.0,1216.0,3.6719,80.0007,4358,2729.3,1.9067,1.907,2.0,34.7399,2.0,34.7409,2.0,141.3,2.0,141.2,2.0,137.65,2.0,35.64,2.0,0.01,2.0,2.5,2.0,0.06,2.0,0.013,2.0,0.005,2.0,0.003,2.0,0.003,2.0,2330.3,2.0,2420.4,2.0,40.4,2.0,,9.0,,9.0,,9.0,0.0,2.0,0.0,2.0,1.666,1.0,,9.0,,9.0,,9.0,0.001,2.0,99.889,2.0,1.907,2.0,,,,,['I08N'],2019-12-05,2019-12-27,Akiko
167,12.0,1.0,13.0,,  I08N,1213.0,2.0,20191207.0,1216.0,3.6719,80.0007,4358,2930.1,1.7437,1.7441,2.0,34.7328,2.0,34.7338,2.0,149.0,2.0,149.0,2.0,137.86,2.0,35.19,2.0,0.0,2.0,2.45,2.0,0.04,2.0,0.016,2.0,0.008,2.0,0.005,2.0,0.019,2.0,2329.0,2.0,2419.9,2.0,38.9,2.0,,9.0,,9.0,,9.0,0.0,2.0,0.0,2.0,1.639,1.0,0.379,2.0,0.229,2.0,0.052,2.0,0.0,2.0,99.894,2.0,1.7441,2.0,,,,,['I08N'],2019-12-05,2019-12-27,Akiko
168,12.0,1.0,12.0,,  I08N,1212.0,2.0,20191207.0,1216.0,3.6719,80.0007,4358,3169.6,1.594,1.5938,2.0,34.7271,2.0,34.7274,2.0,150.8,2.0,150.9,2.0,142.39,2.0,35.31,2.0,0.01,2.0,2.45,2.0,0.06,2.0,0.016,2.0,0.007,2.0,0.0,2.0,0.001,2.0,2332.8,2.0,2427.0,6.0,38.0,2.0,,9.0,,9.0,,9.0,0.0,2.0,0.0,2.0,1.653,1.0,,9.0,,9.0,,9.0,0.0,2.0,99.889,2.0,1.5938,2.0,,,,,['I08N'],2019-12-05,2019-12-27,Akiko
169,12.0,1.0,11.0,,  I08N,1211.0,2.0,20191207.0,1216.0,3.6719,80.0007,4358,3420.9,1.5151,1.515,2.0,34.7237,2.0,34.7237,2.0,156.3,2.0,156.5,2.0,142.22,2.0,35.1,2.0,0.01,2.0,2.42,2.0,0.06,2.0,0.018,2.0,0.008,2.0,0.002,2.0,0.012,2.0,2332.4,2.0,2426.4,2.0,34.8,2.0,,9.0,,9.0,,9.0,0.0,2.0,0.0,2.0,1.63,1.0,0.351,2.0,0.202,2.0,0.042,2.0,0.0,2.0,99.877,2.0,1.515,2.0,,,,,['I08N'],2019-12-05,2019-12-27,Akiko
170,12.0,1.0,10.0,,  I08N,1210.0,2.0,20191207.0,1216.0,3.6719,80.0007,4358,3669.2,1.4611,1.461,2.0,34.7212,2.0,34.7207,2.0,158.4,2.0,158.7,2.0,143.46,2.0,35.13,2.0,0.01,2.0,2.43,2.0,0.06,2.0,0.023,2.0,0.009,2.0,0.0,2.0,0.006,2.0,2333.8,2.0,2430.6,2.0,40.4,2.0,,9.0,,9.0,,9.0,0.0,2.0,0.0,2.0,1.636,1.0,,9.0,,9.0,,9.0,-0.001,2.0,99.83,2.0,1.461,2.0,,,,,['I08N'],2019-12-05,2019-12-27,Akiko
171,12.0,1.0,9.0,,  I08N,1209.0,2.0,20191207.0,1216.0,3.6719,80.0007,4358,3918.1,1.4328,1.4328,2.0,34.7196,2.0,34.7195,2.0,164.6,2.0,164.9,2.0,141.21,2.0,34.75,2.0,0.0,2.0,2.38,2.0,0.06,2.0,0.031,2.0,0.013,2.0,0.004,2.0,0.049,2.0,2323.7,2.0,2424.2,2.0,38.0,2.0,,9.0,,9.0,,9.0,0.0,2.0,0.0,2.0,1.603,1.0,0.346,2.0,0.196,2.0,0.036,2.0,0.0,2.0,99.902,2.0,1.4328,2.0,,,,,['I08N'],2019-12-05,2019-12-27,Akiko
172,12.0,1.0,8.0,,  I08N,1208.0,2.0,20191207.0,1216.0,3.6719,80.0007,4358,4171.8,1.4229,1.4229,2.0,34.7183,2.0,34.7191,2.0,167.7,2.0,167.8,2.0,140.08,2.0,34.57,2.0,0.0,2.0,2.37,2.0,0.06,2.0,0.023,2.0,0.009,2.0,0.003,2.0,0.021,2.0,2320.8,6.0,2419.8,2.0,39.1,2.0,,9.0,,9.0,,9.0,0.0,2.0,0.0,2.0,1.578,1.0,,9.0,,9.0,,9.0,0.0,2.0,99.917,2.0,1.4229,2.0,,,,,['I08N'],2019-12-05,2019-12-27,Akiko
173,12.0,1.0,2.0,,  I08N,12046.0,2.0,20191207.0,1216.0,3.6719,80.0007,4358,57.2,29.1567,29.1588,2.0,34.8545,2.0,34.7632,2.0,192.9,2.0,194.8,2.0,1.49,2.0,0.01,2.0,0.01,2.0,0.12,2.0,0.03,2.0,,9.0,,9.0,,9.0,,9.0,1959.1,2.0,2276.1,2.0,72.3,2.0,0.27,2.0,51.9,2.0,160.7,2.0,0.0,2.0,0.0,2.0,1.253,1.0,0.318,2.0,0.171,2.0,0.033,2.0,0.241,2.0,98.511,2.0,29.1588,2.0,,,,,['I08N'],2019-12-05,2019-12-27,Akiko
174,12.0,1.0,1.0,,  I08N,1201.0,2.0,20191207.0,1216.0,3.6719,80.0007,4358,4410.0,1.4204,1.4203,2.0,34.7176,2.0,34.7183,2.0,171.6,2.0,172.3,2.0,138.02,2.0,34.46,2.0,0.01,2.0,2.35,2.0,0.08,2.0,0.016,2.0,0.007,2.0,0.002,2.0,0.0,2.0,2319.1,2.0,2423.8,2.0,39.3,2.0,,9.0,,9.0,,9.0,0.0,2.0,0.0,2.0,1.557,1.0,0.337,2.0,0.191,2.0,0.041,2.0,0.0,2.0,99.793,2.0,1.4203,2.0,,,,,['I08N'],2019-12-05,2019-12-27,Akiko
175,14.0,1.0,36.0,,  I08N,1236.0,2.0,20191207.0,2224.0,3.0007,80.0007,4340,10.2,28.9936,28.993,2.0,33.8096,2.0,33.8034,2.0,197.0,2.0,196.8,2.0,1.64,2.0,0.06,2.0,0.01,2.0,0.08,2.0,0.02,2.0,1.332,2.0,0.865,2.0,0.109,2.0,1.49,2.0,1914.0,2.0,2226.0,2.0,,9.0,0.13,2.0,,9.0,,9.0,1.973,2.0,1.973,2.0,1.193,1.0,,9.0,,9.0,,9.0,0.102,2.0,98.524,2.0,28.993,2.0,,,,,['I08N'],2019-12-05,2019-12-27,Akiko
176,14.0,1.0,35.0,,  I08N,1235.0,2.0,20191207.0,2224.0,3.0007,80.0007,4340,49.9,29.1828,29.182,2.0,34.5655,2.0,34.567,2.0,194.2,2.0,194.2,2.0,1.5,2.0,0.01,2.0,0.01,2.0,0.12,2.0,0.02,2.0,1.319,2.0,0.862,2.0,0.106,2.0,1.508,2.0,1949.2,2.0,2268.0,2.0,,9.0,0.28,2.0,,9.0,,9.0,0.0,2.0,0.0,2.0,1.224,1.0,,9.0,,9.0,,9.0,0.212,2.0,98.639,2.0,29.182,2.0,,,,,['I08N'],2019-12-05,2019-12-27,Akiko
177,14.0,1.0,34.0,,  I08N,1234.0,2.0,20191207.0,2224.0,3.0007,80.0007,4340,100.3,18.2461,18.2614,2.0,34.916,2.0,34.9162,2.0,19.1,2.0,19.4,2.0,22.3,2.0,26.77,2.0,0.03,2.0,1.94,2.0,0.01,2.0,1.119,2.0,0.705,2.0,0.008,2.0,0.636,2.0,2196.8,2.0,2297.5,2.0,,9.0,0.13,2.0,,9.0,,9.0,0.0,2.0,0.0,2.0,1.619,1.0,,9.0,,9.0,,9.0,0.166,2.0,99.431,2.0,18.2614,2.0,,,,,['I08N'],2019-12-05,2019-12-27,Akiko
178,14.0,1.0,33.0,,  I08N,1233.0,2.0,20191207.0,2224.0,3.0007,80.0007,4340,151.0,13.8092,13.8167,2.0,35.099,2.0,35.0986,2.0,41.5,2.0,41.1,2.0,23.77,2.0,28.23,2.0,0.02,2.0,1.99,2.0,0.01,2.0,,9.0,,9.0,,9.0,,9.0,2228.6,2.0,2311.7,2.0,,9.0,0.01,2.0,,9.0,,9.0,0.0,2.0,0.0,2.0,1.599,1.0,,9.0,,9.0,,9.0,-0.003,2.0,99.559,2.0,13.8167,2.0,,,,,['I08N'],2019-12-05,2019-12-27,Akiko
179,14.0,1.0,32.0,,  I08N,1232.0,2.0,20191207.0,2224.0,3.0007,80.0007,4340,199.1,12.7882,12.7894,2.0,35.1061,2.0,35.1069,2.0,50.9,2.0,52.6,2.0,23.98,2.0,28.24,2.0,0.01,2.0,1.97,2.0,0.01,2.0,1.429,2.0,0.859,2.0,0.011,2.0,0.529,2.0,2230.8,2.0,2310.8,2.0,,9.0,0.01,2.0,,9.0,,9.0,0.0,2.0,0.0,2.0,1.595,1.0,,9.0,,9.0,,9.0,0.0,2.0,99.542,2.0,12.7894,2.0,,,,,['I08N'],2019-12-05,2019-12-27,Akiko
180,14.0,1.0,31.0,,  I08N,1231.0,2.0,20191207.0,2224.0,3.0007,80.0007,4340,250.5,11.8899,11.8918,2.0,35.0899,2.0,35.0879,2.0,53.7,2.0,54.4,2.0,25.88,2.0,29.27,2.0,0.01,2.0,2.03,2.0,0.01,2.0,1.412,2.0,0.804,2.0,0.007,2.0,0.492,2.0,2236.8,2.0,2314.8,2.0,,9.0,0.01,2.0,,9.0,,9.0,0.0,2.0,0.0,2.0,1.573,1.0,,9.0,,9.0,,9.0,0.004,2.0,99.496,2.0,11.8918,2.0,,,,,['I08N'],2019-12-05,2019-12-27,Akiko
181,14.0,1.0,30.0,,  I08N,1230.0,2.0,20191207.0,2224.0,3.0007,80.0007,4340,298.5,11.4202,11.4206,2.0,35.0638,2.0,35.0637,2.0,59.1,2.0,58.6,2.0,26.99,2.0,29.64,2.0,0.01,2.0,2.04,2.0,0.01,2.0,1.361,2.0,0.768,2.0,0.015,2.0,0.433,2.0,2237.8,2.0,2312.0,2.0,,9.0,,9.0,,9.0,,9.0,0.0,2.0,0.0,2.0,1.557,1.0,,9.0,,9.0,,9.0,0.004,2.0,99.538,2.0,11.4206,2.0,,,,,['I08N'],2019-12-05,2019-12-27,Akiko
182,14.0,1.0,29.0,,  I08N,1229.0,2.0,20191207.0,2224.0,3.0007,80.0007,4340,400.2,10.8488,10.8481,2.0,35.0604,2.0,35.0587,2.0,40.5,2.0,42.4,2.0,33.29,2.0,32.29,2.0,0.02,2.0,2.25,2.0,0.01,2.0,0.983,2.0,0.553,2.0,0.007,2.0,0.375,2.0,2253.7,2.0,2317.0,2.0,,9.0,,9.0,,9.0,,9.0,0.0,2.0,0.0,2.0,1.599,1.0,,9.0,,9.0,,9.0,0.004,2.0,99.576,2.0,10.8481,2.0,,,,,['I08N'],2019-12-05,2019-12-27,Akiko
183,14.0,1.0,28.0,,  I08N,1228.0,2.0,20191207.0,2224.0,3.0007,80.0007,4340,499.8,10.2214,10.2202,2.0,35.0542,2.0,35.0631,2.0,37.6,2.0,36.8,2.0,39.8,2.0,33.64,2.0,0.01,2.0,2.4,2.0,0.02,2.0,0.7,2.0,0.39,2.0,0.006,2.0,0.086,2.0,2267.8,2.0,2320.1,2.0,,9.0,,9.0,,9.0,,9.0,0.0,2.0,0.0,2.0,1.615,1.0,,9.0,,9.0,,9.0,0.005,2.0,99.665,2.0,10.2202,2.0,,,,,['I08N'],2019-12-05,2019-12-27,Akiko
184,14.0,1.0,27.0,,  I08N,1227.0,2.0,20191207.0,2224.0,3.0007,80.0007,4340,599.4,9.4888,9.4884,2.0,35.0464,2.0,35.0466,2.0,39.3,2.0,39.2,2.0,47.72,2.0,34.46,2.0,0.01,2.0,2.5,2.0,0.01,2.0,0.474,2.0,0.268,2.0,0.008,2.0,0.092,2.0,2273.1,2.0,2329.3,2.0,,9.0,,9.0,,9.0,,9.0,0.0,2.0,0.0,2.0,1.637,1.0,,9.0,,9.0,,9.0,0.003,2.0,99.713,2.0,9.4884,2.0,,,,,['I08N'],2019-12-05,2019-12-27,Akiko
185,14.0,1.0,26.0,,  I08N,1226.0,2.0,20191207.0,2224.0,3.0007,80.0007,4340,699.7,8.8727,8.8729,2.0,35.0334,2.0,35.0339,2.0,35.4,2.0,35.6,2.0,55.87,2.0,35.45,2.0,0.01,2.0,2.6,2.0,0.03,2.0,0.291,2.0,0.167,2.0,0.001,2.0,0.083,2.0,2284.3,6.0,2334.3,2.0,,9.0,,9.0,,9.0,,9.0,0.0,2.0,0.0,2.0,1.648,1.0,,9.0,,9.0,,9.0,0.003,2.0,99.747,2.0,8.8729,2.0,,,,,['I08N'],2019-12-05,2019-12-27,Akiko
186,14.0,1.0,25.0,,  I08N,1225.0,2.0,20191207.0,2224.0,3.0007,80.0007,4340,799.1,8.0499,8.0511,2.0,35.0024,2.0,35.0025,2.0,34.9,2.0,34.8,2.0,67.44,2.0,36.81,2.0,0.01,2.0,2.7,2.0,0.02,2.0,0.129,2.0,0.077,2.0,0.002,2.0,0.026,2.0,2297.8,2.0,2347.9,2.0,,9.0,,9.0,,9.0,,9.0,0.0,2.0,0.0,2.0,1.667,1.0,,9.0,,9.0,,9.0,0.003,2.0,99.776,2.0,8.0511,2.0,,,,,['I08N'],2019-12-05,2019-12-27,Akiko
187,14.0,1.0,24.0,,  I08N,1224.0,2.0,20191207.0,2224.0,3.0007,80.0007,4340,899.6,7.3855,7.3859,2.0,34.9793,2.0,34.9794,2.0,42.2,2.0,42.2,2.0,74.78,2.0,37.13,2.0,0.01,2.0,2.72,2.0,0.03,2.0,0.081,2.0,0.05,2.0,0.0,2.0,0.004,2.0,2300.6,2.0,2355.6,2.0,,9.0,,9.0,,9.0,,9.0,0.0,2.0,0.0,2.0,1.677,1.0,,9.0,,9.0,,9.0,0.002,2.0,99.801,2.0,7.3859,2.0,,,,,['I08N'],2019-12-05,2019-12-27,Akiko
188,14.0,1.0,23.0,,  I08N,1223.0,2.0,20191207.0,2224.0,3.0007,80.0007,4340,1000.2,6.7791,6.7789,2.0,34.9467,2.0,34.9464,2.0,47.0,2.0,47.0,2.0,82.17,2.0,37.39,2.0,0.01,2.0,2.75,2.0,0.02,2.0,0.056,2.0,0.031,2.0,0.003,2.0,0.014,2.0,2309.1,2.0,2363.2,2.0,,9.0,,9.0,,9.0,,9.0,0.0,2.0,0.0,2.0,1.696,1.0,,9.0,,9.0,,9.0,0.001,2.0,99.812,2.0,6.7789,2.0,,,,,['I08N'],2019-12-05,2019-12-27,Akiko
189,14.0,1.0,22.0,,  I08N,1222.0,2.0,20191207.0,2224.0,3.0007,80.0007,4340,1200.0,5.8152,5.8152,2.0,34.9034,2.0,34.9034,2.0,58.1,2.0,57.9,2.0,93.65,2.0,37.62,2.0,0.01,2.0,2.76,2.0,0.03,2.0,0.032,2.0,0.016,2.0,0.001,2.0,0.0,2.0,2317.0,2.0,2374.2,6.0,,9.0,,9.0,,9.0,,9.0,0.0,2.0,0.0,2.0,1.697,1.0,,9.0,,9.0,,9.0,0.001,2.0,99.816,2.0,5.8152,2.0,,,,,['I08N'],2019-12-05,2019-12-27,Akiko
190,14.0,1.0,21.0,,  I08N,1221.0,2.0,20191207.0,2224.0,3.0007,80.0007,4340,1400.9,4.9044,4.9041,2.0,34.8723,2.0,34.8724,2.0,74.5,2.0,74.6,2.0,102.14,2.0,37.37,2.0,0.01,2.0,2.74,2.0,0.02,2.0,0.022,2.0,0.01,2.0,0.001,2.0,0.024,2.0,2319.3,2.0,2383.3,2.0,,9.0,,9.0,,9.0,,9.0,0.0,2.0,0.0,2.0,1.688,1.0,,9.0,,9.0,,9.0,0.001,2.0,99.841,2.0,4.9041,2.0,,,,,['I08N'],2019-12-05,2019-12-27,Akiko
191,14.0,1.0,20.0,,  I08N,1220.0,2.0,20191207.0,2224.0,3.0007,80.0007,4340,1600.0,4.0498,4.0498,2.0,34.8341,2.0,34.8341,2.0,94.6,2.0,94.4,2.0,108.96,2.0,36.87,2.0,0.01,2.0,2.68,2.0,0.02,2.0,0.018,2.0,0.006,2.0,0.001,2.0,0.041,2.0,2319.6,2.0,2386.6,2.0,,9.0,,9.0,,9.0,,9.0,0.0,2.0,0.0,2.0,1.67,1.0,,9.0,,9.0,,9.0,0.001,2.0,99.873,2.0,4.0498,2.0,,,,,['I08N'],2019-12-05,2019-12-27,Akiko
192,14.0,1.0,19.0,,  I08N,1219.0,2.0,20191207.0,2224.0,3.0007,80.0007,4340,1798.9,3.352,3.3519,2.0,34.8087,2.0,34.8085,2.0,107.5,2.0,107.5,2.0,118.2,2.0,36.43,2.0,0.01,2.0,2.64,2.0,0.02,2.0,0.013,2.0,0.006,2.0,0.001,2.0,0.005,2.0,2323.5,2.0,2399.2,2.0,,9.0,,9.0,,9.0,,9.0,0.0,2.0,0.0,2.0,1.658,1.0,,9.0,,9.0,,9.0,0.001,2.0,99.873,2.0,3.3519,2.0,,,,,['I08N'],2019-12-05,2019-12-27,Akiko
193,14.0,1.0,18.0,,  I08N,1218.0,2.0,20191207.0,2224.0,3.0007,80.0007,4340,1999.2,2.7321,2.7304,2.0,34.7778,2.0,34.7769,2.0,120.3,2.0,120.2,2.0,126.43,2.0,36.18,2.0,0.01,2.0,2.6,2.0,0.0,2.0,0.015,2.0,0.006,2.0,0.001,2.0,0.0,2.0,2325.6,2.0,2406.8,2.0,,9.0,,9.0,,9.0,,9.0,0.0,2.0,0.0,2.0,1.667,1.0,,9.0,,9.0,,9.0,0.0,2.0,99.869,2.0,2.7304,2.0,,,,,['I08N'],2019-12-05,2019-12-27,Akiko
194,14.0,1.0,17.0,,  I08N,1217.0,2.0,20191207.0,2224.0,3.0007,80.0007,4340,2200.6,2.3469,2.3471,2.0,34.7597,2.0,,9.0,132.1,2.0,132.0,2.0,129.95,2.0,35.88,2.0,0.01,2.0,2.54,2.0,0.02,2.0,0.016,2.0,0.006,2.0,0.0,2.0,0.002,2.0,2324.5,2.0,2410.2,2.0,,9.0,,9.0,,9.0,,9.0,0.0,2.0,0.0,2.0,1.652,1.0,,9.0,,9.0,,9.0,0.0,2.0,99.869,2.0,2.3471,2.0,,,,,['I08N'],2019-12-05,2019-12-27,Akiko
195,14.0,1.0,16.0,,  I08N,1216.0,2.0,20191207.0,2224.0,3.0007,80.0007,4340,2399.6,2.1579,2.1583,2.0,34.7508,2.0,34.7504,2.0,138.4,2.0,138.4,2.0,131.17,2.0,35.37,2.0,0.01,2.0,2.5,2.0,0.02,2.0,0.015,2.0,0.005,2.0,0.004,2.0,0.009,2.0,2321.8,6.0,2409.9,2.0,,9.0,,9.0,,9.0,,9.0,0.0,2.0,0.0,2.0,1.628,1.0,,9.0,,9.0,,9.0,0.001,2.0,99.89,2.0,2.1583,2.0,,,,,['I08N'],2019-12-05,2019-12-27,Akiko
196,14.0,1.0,15.0,,  I08N,1215.0,2.0,20191207.0,2224.0,3.0007,80.0007,4340,2600.2,1.9729,1.9728,2.0,34.7422,2.0,34.7412,2.0,146.4,2.0,146.5,2.0,131.77,2.0,35.05,2.0,0.01,2.0,2.46,2.0,0.02,2.0,0.017,2.0,0.007,2.0,0.0,2.0,0.004,2.0,2321.2,2.0,2410.7,2.0,,9.0,,9.0,,9.0,,9.0,0.0,2.0,0.0,2.0,1.607,1.0,,9.0,,9.0,,9.0,0.001,2.0,99.9,2.0,1.9728,2.0,,,,,['I08N'],2019-12-05,2019-12-27,Akiko
197,14.0,1.0,14.0,,  I08N,1214.0,2.0,20191207.0,2224.0,3.0007,80.0007,4340,2799.9,1.816,1.8154,2.0,34.7357,2.0,34.7357,2.0,150.3,2.0,150.4,2.0,134.68,2.0,34.99,2.0,0.0,2.0,2.46,2.0,0.01,2.0,0.015,2.0,0.006,2.0,0.003,2.0,0.028,2.0,2319.2,2.0,2415.9,2.0,,9.0,,9.0,,9.0,,9.0,0.0,2.0,0.0,2.0,1.608,1.0,,9.0,,9.0,,9.0,0.0,2.0,99.896,2.0,1.8154,2.0,,,,,['I08N'],2019-12-05,2019-12-27,Akiko
198,14.0,1.0,13.0,,  I08N,1213.0,2.0,20191207.0,2224.0,3.0007,80.0007,4340,2999.8,1.7119,1.7116,2.0,34.7316,2.0,34.7308,2.0,150.1,2.0,150.3,2.0,138.61,2.0,35.14,2.0,0.01,2.0,2.46,2.0,0.01,2.0,0.016,2.0,0.005,2.0,0.001,2.0,0.007,2.0,2324.3,2.0,2418.6,2.0,,9.0,,9.0,,9.0,,9.0,0.0,2.0,0.0,2.0,1.637,1.0,,9.0,,9.0,,9.0,0.0,2.0,99.892,2.0,1.7116,2.0,,,,,['I08N'],2019-12-05,2019-12-27,Akiko
199,14.0,1.0,12.0,,  I08N,1212.0,2.0,20191207.0,2224.0,3.0007,80.0007,4340,3250.3,1.5757,1.5755,2.0,34.7263,2.0,34.7256,2.0,153.2,2.0,153.1,2.0,141.74,2.0,35.13,2.0,0.01,2.0,2.45,2.0,0.02,2.0,0.018,2.0,0.008,2.0,0.001,2.0,0.025,2.0,2330.9,2.0,2426.2,6.0,,9.0,,9.0,,9.0,,9.0,0.0,2.0,0.0,2.0,1.628,1.0,,9.0,,9.0,,9.0,0.0,2.0,99.898,2.0,1.5755,2.0,,,,,['I08N'],2019-12-05,2019-12-27,Akiko
200,14.0,1.0,11.0,,  I08N,1211.0,2.0,20191207.0,2224.0,3.0007,80.0007,4340,3500.8,1.4832,1.4831,2.0,34.7225,2.0,34.7219,2.0,157.8,2.0,157.6,2.0,142.62,2.0,35.06,2.0,0.01,2.0,2.44,2.0,0.01,2.0,0.02,2.0,0.009,2.0,0.004,2.0,0.028,2.0,2326.1,2.0,2429.2,2.0,,9.0,,9.0,,9.0,,9.0,0.0,2.0,0.0,2.0,1.617,1.0,,9.0,,9.0,,9.0,0.0,2.0,99.877,2.0,1.4831,2.0,,,,,['I08N'],2019-12-05,2019-12-27,Akiko
201,14.0,1.0,10.0,,  I08N,1210.0,2.0,20191207.0,2224.0,3.0007,80.0007,4340,3750.4,1.4343,1.4342,2.0,34.7202,2.0,34.7199,2.0,162.1,2.0,162.1,2.0,141.66,2.0,34.6,2.0,0.01,2.0,2.41,2.0,0.02,2.0,0.021,2.0,0.007,2.0,0.003,2.0,0.007,2.0,2326.4,2.0,2429.5,2.0,,9.0,,9.0,,9.0,,9.0,0.0,2.0,0.0,2.0,1.609,1.0,,9.0,,9.0,,9.0,-0.001,2.0,99.854,2.0,1.4342,2.0,,,,,['I08N'],2019-12-05,2019-12-27,Akiko
202,14.0,1.0,9.0,,  I08N,1209.0,2.0,20191207.0,2224.0,3.0007,80.0007,4340,4000.7,1.4234,1.4233,2.0,34.7191,2.0,34.719,2.0,166.1,2.0,166.0,2.0,140.22,2.0,34.57,2.0,0.01,2.0,2.39,2.0,0.01,2.0,0.022,2.0,0.009,2.0,0.004,2.0,0.01,2.0,2320.7,2.0,2426.7,2.0,,9.0,,9.0,,9.0,,9.0,0.0,2.0,0.0,2.0,1.593,1.0,,9.0,,9.0,,9.0,-0.001,2.0,99.904,2.0,1.4233,2.0,,,,,['I08N'],2019-12-05,2019-12-27,Akiko
203,14.0,1.0,8.0,,  I08N,1208.0,2.0,20191207.0,2224.0,3.0007,80.0007,4340,4252.0,1.4145,1.4145,2.0,34.7181,2.0,34.7188,2.0,171.0,2.0,171.1,2.0,137.9,2.0,34.21,2.0,0.01,2.0,2.37,2.0,0.02,2.0,0.021,2.0,0.008,2.0,0.005,2.0,0.005,2.0,2310.2,6.0,2422.2,2.0,,9.0,,9.0,,9.0,,9.0,0.0,2.0,0.0,2.0,1.553,1.0,,9.0,,9.0,,9.0,-0.001,2.0,99.886,2.0,1.4145,2.0,,,,,['I08N'],2019-12-05,2019-12-27,Akiko
204,14.0,1.0,2.0,,  I08N,12046.0,2.0,20191207.0,2224.0,3.0007,80.0007,4340,64.1,28.231,28.2355,2.0,35.0061,2.0,34.9976,2.0,166.3,2.0,167.8,2.0,2.04,2.0,1.93,2.0,0.22,2.0,0.31,2.0,0.09,2.0,,9.0,,9.0,,9.0,,9.0,1995.1,2.0,2293.2,2.0,,9.0,0.49,2.0,,9.0,,9.0,0.0,2.0,0.0,2.0,1.396,1.0,,9.0,,9.0,,9.0,0.47,2.0,98.414,2.0,28.2355,2.0,,,,,['I08N'],2019-12-05,2019-12-27,Akiko
205,14.0,1.0,1.0,,  I08N,1201.0,2.0,20191207.0,2224.0,3.0007,80.0007,4340,4384.6,1.4165,1.4165,2.0,34.7177,2.0,34.7181,2.0,171.5,2.0,171.6,2.0,137.89,2.0,34.14,2.0,0.01,2.0,2.37,2.0,0.02,2.0,0.02,2.0,0.008,2.0,0.0,2.0,0.029,2.0,2311.9,2.0,2423.5,2.0,,9.0,,9.0,,9.0,,9.0,0.0,2.0,0.0,2.0,1.555,1.0,,9.0,,9.0,,9.0,0.0,2.0,99.822,2.0,1.4165,2.0,,,,,['I08N'],2019-12-05,2019-12-27,Akiko
206,17.0,1.0,36.0,,  I08N,1236.0,2.0,20191208.0,1209.0,2.0011,80.0008,3875,10.2,29.3122,29.3161,2.0,33.8384,2.0,33.7971,2.0,197.2,2.0,196.8,2.0,1.74,2.0,0.03,2.0,0.01,2.0,0.08,2.0,0.03,2.0,1.401,2.0,0.903,2.0,0.116,2.0,1.549,2.0,1909.7,2.0,2219.6,2.0,69.8,2.0,0.1,2.0,23.6,2.0,270.6,2.0,0.0,2.0,0.0,2.0,1.188,1.0,0.21,2.0,0.106,2.0,0.008,2.0,0.1,2.0,98.329,2.0,29.3161,2.0,,,,,['I08N'],2019-12-05,2019-12-27,Akiko
207,17.0,1.0,35.0,,  I08N,1235.0,2.0,20191208.0,1209.0,2.0011,80.0008,3875,49.9,29.1105,29.11,2.0,34.515,2.0,34.5218,2.0,194.5,2.0,194.1,2.0,1.52,2.0,0.01,2.0,0.01,2.0,0.12,2.0,0.02,2.0,1.403,2.0,0.897,2.0,0.116,2.0,1.536,2.0,1948.2,2.0,2264.5,2.0,70.4,2.0,0.46,2.0,72.1,2.0,291.7,2.0,0.0,2.0,0.0,2.0,1.257,1.0,0.333,2.0,0.193,2.0,0.035,2.0,0.363,2.0,97.754,2.0,29.11,2.0,,,,,['I08N'],2019-12-05,2019-12-27,Akiko
208,17.0,1.0,34.0,,  I08N,1234.0,2.0,20191208.0,1209.0,2.0011,80.0008,3875,99.2,19.6561,19.6641,2.0,35.2775,2.0,35.2776,2.0,41.2,2.0,41.3,2.0,15.83,2.0,23.52,2.0,0.05,2.0,1.7,2.0,0.03,2.0,1.47,2.0,0.901,2.0,0.014,2.0,0.919,2.0,2182.2,2.0,2311.3,2.0,51.9,2.0,0.14,2.0,37.1,2.0,422.1,2.0,0.0,2.0,0.0,2.0,1.594,1.0,0.347,2.0,0.209,2.0,0.03,2.0,0.189,2.0,99.413,2.0,19.6641,2.0,,,,,['I08N'],2019-12-05,2019-12-27,Akiko
209,17.0,1.0,33.0,,  I08N,1233.0,2.0,20191208.0,1209.0,2.0011,80.0008,3875,150.1,14.1565,14.155,2.0,35.1209,2.0,35.1201,2.0,49.9,2.0,49.1,2.0,22.02,2.0,27.24,2.0,0.01,2.0,1.91,2.0,0.03,2.0,1.596,2.0,0.919,2.0,0.011,2.0,0.66,2.0,2216.3,2.0,2312.2,2.0,47.9,2.0,0.01,2.0,67.1,2.0,447.7,2.0,0.0,2.0,0.0,2.0,1.586,1.0,0.343,2.0,0.214,2.0,0.04,2.0,-0.002,2.0,99.56,2.0,14.155,2.0,,,,,['I08N'],2019-12-05,2019-12-27,Akiko
210,17.0,1.0,32.0,,  I08N,1232.0,2.0,20191208.0,1209.0,2.0011,80.0008,3875,199.3,13.4825,13.483,2.0,35.1239,2.0,35.1227,2.0,61.4,2.0,62.3,2.0,21.41,2.0,26.67,2.0,0.01,2.0,1.86,2.0,0.02,2.0,1.741,2.0,0.987,2.0,0.021,2.0,0.666,2.0,2218.1,2.0,2312.9,2.0,47.1,2.0,0.01,2.0,26.5,2.0,481.5,2.0,0.0,2.0,0.0,2.0,1.566,1.0,0.31,2.0,0.19,2.0,0.033,2.0,-0.002,2.0,99.562,2.0,13.483,2.0,,,,,['I08N'],2019-12-05,2019-12-27,Akiko
211,17.0,1.0,31.0,,  I08N,1231.0,2.0,20191208.0,1209.0,2.0011,80.0008,3875,250.3,11.7701,11.77,2.0,35.07,2.0,35.0697,2.0,74.7,2.0,74.2,2.0,23.68,2.0,27.84,2.0,0.01,2.0,1.9,2.0,0.03,2.0,1.695,2.0,0.946,2.0,0.015,2.0,0.549,2.0,2219.4,2.0,2314.3,2.0,42.6,2.0,0.01,2.0,32.9,2.0,435.7,2.0,0.0,2.0,0.0,2.0,1.522,1.0,,9.0,,9.0,,9.0,0.003,2.0,99.552,2.0,11.77,2.0,,,,,['I08N'],2019-12-05,2019-12-27,Akiko
212,17.0,1.0,30.0,,  I08N,1230.0,2.0,20191208.0,1209.0,2.0011,80.0008,3875,329.7,11.1276,11.1288,2.0,35.0306,2.0,35.0304,2.0,76.8,2.0,76.4,2.0,25.7,2.0,28.75,2.0,0.01,2.0,1.96,2.0,0.02,2.0,1.585,2.0,0.87,2.0,0.014,2.0,0.46,2.0,2224.5,2.0,2315.0,2.0,43.9,2.0,,9.0,23.2,2.0,452.7,2.0,0.0,2.0,0.0,2.0,1.523,1.0,0.318,2.0,0.192,2.0,0.037,2.0,0.004,2.0,99.585,2.0,11.1288,2.0,,,,,['I08N'],2019-12-05,2019-12-27,Akiko
213,17.0,1.0,29.0,,  I08N,1229.0,2.0,20191208.0,1209.0,2.0011,80.0008,3875,430.3,10.6474,10.6469,2.0,35.0182,2.0,35.0169,2.0,75.6,2.0,75.5,2.0,28.72,2.0,29.86,2.0,0.02,2.0,2.04,2.0,0.04,2.0,1.45,2.0,0.785,2.0,0.022,2.0,0.44,2.0,2228.8,2.0,2321.6,2.0,41.0,2.0,,9.0,76.6,2.0,448.5,2.0,0.0,2.0,0.0,2.0,1.52,1.0,0.29,2.0,0.178,2.0,0.031,2.0,0.004,2.0,99.625,2.0,10.6469,2.0,,,,,['I08N'],2019-12-05,2019-12-27,Akiko
214,17.0,1.0,28.0,,  I08N,1228.0,2.0,20191208.0,1209.0,2.0011,80.0008,3875,528.9,10.0779,10.0776,2.0,35.0154,2.0,35.0151,2.0,60.7,2.0,59.9,2.0,36.5,2.0,32.17,2.0,0.01,2.0,2.26,2.0,0.03,2.0,0.991,2.0,0.527,2.0,0.014,2.0,0.263,2.0,2245.6,2.0,2322.4,2.0,42.4,2.0,,9.0,35.3,2.0,448.2,2.0,0.0,2.0,0.0,2.0,1.557,1.0,0.304,2.0,0.182,2.0,0.035,2.0,0.004,2.0,99.705,2.0,10.0776,2.0,,,,,['I08N'],2019-12-05,2019-12-27,Akiko
215,17.0,1.0,27.0,,  I08N,1227.0,2.0,20191208.0,1209.0,2.0011,80.0008,3875,630.7,9.4515,9.4515,2.0,35.0268,2.0,35.028,2.0,55.3,2.0,54.0,2.0,45.07,2.0,33.36,2.0,0.01,2.0,2.39,2.0,0.04,2.0,0.67,2.0,0.364,2.0,0.007,2.0,0.191,2.0,2259.1,2.0,2329.5,2.0,40.3,2.0,,9.0,99.0,2.0,459.4,2.0,0.0,2.0,0.0,2.0,1.575,1.0,0.317,2.0,0.193,2.0,0.036,2.0,0.003,2.0,99.739,2.0,9.4515,2.0,,,,,['I08N'],2019-12-05,2019-12-27,Akiko
216,17.0,1.0,26.0,,  I08N,1226.0,2.0,20191208.0,1209.0,2.0011,80.0008,3875,729.1,8.7488,8.7499,2.0,35.0379,2.0,35.0345,2.0,39.0,2.0,38.4,2.0,57.95,2.0,35.85,2.0,0.01,2.0,2.6,2.0,0.04,2.0,0.291,2.0,0.162,2.0,0.005,2.0,0.055,2.0,2281.4,6.0,2339.1,2.0,35.9,2.0,,9.0,63.2,2.0,465.5,2.0,0.0,2.0,0.0,2.0,1.644,1.0,,9.0,,9.0,,9.0,0.003,2.0,99.762,2.0,8.7499,2.0,,,,,['I08N'],2019-12-05,2019-12-27,Akiko
217,17.0,1.0,25.0,,  I08N,1225.0,2.0,20191208.0,1209.0,2.0011,80.0008,3875,828.9,8.0761,8.0768,2.0,35.0082,2.0,35.0055,2.0,41.1,2.0,41.2,2.0,66.25,2.0,36.63,2.0,0.01,2.0,2.66,2.0,0.03,2.0,0.173,2.0,0.096,2.0,0.007,2.0,0.04,2.0,2290.5,2.0,2353.4,2.0,36.8,2.0,,9.0,22.5,2.0,422.9,2.0,0.0,2.0,0.0,2.0,1.649,1.0,0.377,2.0,0.237,2.0,0.048,2.0,0.003,2.0,99.788,2.0,8.0768,2.0,,,,,['I08N'],2019-12-05,2019-12-27,Akiko
218,17.0,1.0,24.0,,  I08N,1224.0,2.0,20191208.0,1209.0,2.0011,80.0008,3875,930.1,7.2536,7.2619,2.0,34.969,2.0,34.9668,2.0,43.5,2.0,43.8,2.0,77.02,2.0,37.34,2.0,0.01,2.0,2.72,2.0,0.03,2.0,0.084,2.0,0.046,2.0,0.003,2.0,0.007,2.0,2301.3,2.0,2363.2,2.0,34.4,2.0,,9.0,26.2,2.0,430.6,2.0,0.0,2.0,0.0,2.0,1.673,1.0,,9.0,,9.0,,9.0,0.002,2.0,99.813,2.0,7.2619,2.0,,,,,['I08N'],2019-12-05,2019-12-27,Akiko
219,17.0,1.0,23.0,,  I08N,1223.0,2.0,20191208.0,1209.0,2.0011,80.0008,3875,1069.8,6.2942,6.2997,2.0,34.9248,2.0,34.9244,2.0,54.6,2.0,54.6,2.0,87.23,2.0,37.61,2.0,0.01,2.0,2.74,2.0,0.03,2.0,0.051,2.0,0.026,2.0,0.003,2.0,0.024,2.0,2308.8,2.0,2374.8,2.0,35.8,2.0,,9.0,18.2,2.0,444.2,2.0,0.0,2.0,0.0,2.0,1.686,1.0,0.348,2.0,0.214,2.0,0.035,2.0,0.002,2.0,99.815,2.0,6.2997,2.0,,,,,['I08N'],2019-12-05,2019-12-27,Akiko
220,17.0,1.0,22.0,,  I08N,1222.0,2.0,20191208.0,1209.0,2.0011,80.0008,3875,1267.5,5.5948,5.5928,2.0,34.899,2.0,34.8995,2.0,65.1,2.0,64.4,2.0,94.11,2.0,37.64,2.0,0.01,2.0,2.74,2.0,0.03,2.0,0.036,2.0,0.017,2.0,0.002,2.0,0.006,2.0,2314.2,2.0,2381.4,6.0,39.7,2.0,,9.0,105.5,2.0,459.4,2.0,0.0,2.0,0.0,2.0,1.666,1.0,,9.0,,9.0,,9.0,0.001,2.0,99.836,2.0,5.5928,2.0,,,,,['I08N'],2019-12-05,2019-12-27,Akiko
221,17.0,1.0,21.0,,  I08N,1221.0,2.0,20191208.0,1209.0,2.0011,80.0008,3875,1469.4,4.6866,4.6873,2.0,34.8627,2.0,34.8627,2.0,81.4,2.0,81.5,2.0,102.93,2.0,37.3,2.0,0.01,2.0,2.72,2.0,0.03,2.0,0.028,2.0,0.011,2.0,0.001,2.0,0.005,2.0,2316.8,2.0,2382.9,2.0,37.0,2.0,,9.0,16.1,2.0,439.7,2.0,0.0,2.0,0.0,2.0,1.663,1.0,0.349,2.0,0.222,2.0,0.039,2.0,0.001,2.0,99.853,2.0,4.6873,2.0,,,,,['I08N'],2019-12-05,2019-12-27,Akiko
222,17.0,1.0,20.0,,  I08N,1220.0,2.0,20191208.0,1209.0,2.0011,80.0008,3875,1668.1,3.8396,3.8402,2.0,34.8257,2.0,34.8263,2.0,99.2,2.0,98.4,2.0,111.12,2.0,36.84,2.0,0.01,2.0,2.66,2.0,0.03,2.0,0.025,2.0,0.013,2.0,0.0,2.0,0.022,2.0,2318.6,2.0,2392.9,2.0,38.7,2.0,,9.0,18.7,2.0,483.7,2.0,0.0,2.0,0.0,2.0,1.662,1.0,,9.0,,9.0,,9.0,0.001,2.0,99.868,2.0,3.8402,2.0,,,,,['I08N'],2019-12-05,2019-12-27,Akiko
223,17.0,1.0,19.0,,  I08N,1219.0,2.0,20191208.0,1209.0,2.0011,80.0008,3875,1869.5,3.1341,3.1347,2.0,34.7956,2.0,34.7954,2.0,114.2,2.0,114.1,2.0,119.65,2.0,36.5,2.0,0.01,2.0,2.62,2.0,0.04,2.0,0.017,2.0,0.007,2.0,0.001,2.0,0.008,2.0,2320.6,2.0,2397.4,2.0,38.5,2.0,,9.0,,9.0,,9.0,0.0,2.0,0.0,2.0,1.635,1.0,0.359,2.0,0.228,2.0,0.037,2.0,0.0,2.0,99.878,2.0,3.1347,2.0,,,,,['I08N'],2019-12-05,2019-12-27,Akiko
224,17.0,1.0,18.0,,  I08N,1218.0,2.0,20191208.0,1209.0,2.0011,80.0008,3875,2069.3,2.6671,2.6679,2.0,34.7734,2.0,34.7732,2.0,127.7,2.0,127.3,2.0,123.65,2.0,36.03,2.0,0.01,2.0,2.56,2.0,0.03,2.0,0.014,2.0,0.006,2.0,0.001,2.0,0.007,2.0,2321.3,2.0,2402.7,2.0,37.4,2.0,,9.0,,9.0,,9.0,0.0,2.0,0.0,2.0,1.611,1.0,,9.0,,9.0,,9.0,0.0,2.0,99.893,2.0,2.6679,2.0,,,,,['I08N'],2019-12-05,2019-12-27,Akiko
225,17.0,1.0,17.0,,  I08N,1217.0,2.0,20191208.0,1209.0,2.0011,80.0008,3875,2269.7,2.3163,2.3167,2.0,34.7577,2.0,34.7581,2.0,137.0,2.0,136.7,2.0,127.57,2.0,35.72,2.0,0.01,2.0,2.5,2.0,0.04,2.0,0.017,2.0,0.007,2.0,0.002,2.0,0.005,2.0,2318.8,2.0,2406.0,2.0,40.0,2.0,,9.0,,9.0,,9.0,0.0,2.0,0.0,2.0,1.613,1.0,0.33,2.0,0.203,2.0,0.026,2.0,0.0,2.0,99.895,2.0,2.3167,2.0,,,,,['I08N'],2019-12-05,2019-12-27,Akiko
226,17.0,1.0,16.0,,  I08N,1216.0,2.0,20191208.0,1209.0,2.0011,80.0008,3875,2472.0,2.1131,2.1125,2.0,34.748,2.0,34.7484,2.0,145.3,2.0,145.2,2.0,128.56,2.0,35.35,2.0,0.01,2.0,2.47,2.0,0.04,2.0,0.017,2.0,0.007,2.0,0.001,2.0,0.006,2.0,2314.5,6.0,2407.1,2.0,36.8,2.0,,9.0,,9.0,,9.0,0.0,2.0,0.0,2.0,1.583,1.0,,9.0,,9.0,,9.0,0.0,2.0,99.905,2.0,2.1125,2.0,,,,,['I08N'],2019-12-05,2019-12-27,Akiko
227,17.0,1.0,15.0,,  I08N,1215.0,2.0,20191208.0,1209.0,2.0011,80.0008,3875,2669.0,1.9278,1.9278,2.0,34.7398,2.0,34.7393,2.0,152.7,2.0,152.3,2.0,129.51,2.0,35.03,2.0,0.02,2.0,2.44,2.0,0.05,2.0,0.015,2.0,0.007,2.0,0.002,2.0,0.0,2.0,2312.3,2.0,2403.7,2.0,41.5,2.0,,9.0,,9.0,,9.0,0.0,2.0,0.0,2.0,1.562,1.0,0.321,2.0,0.193,2.0,0.023,2.0,0.0,2.0,99.924,2.0,1.9278,2.0,,,,,['I08N'],2019-12-05,2019-12-27,Akiko
228,17.0,1.0,14.0,,  I08N,1214.0,2.0,20191208.0,1209.0,2.0011,80.0008,3875,2869.7,1.7873,1.7872,2.0,34.7342,2.0,34.7341,2.0,153.9,2.0,153.8,2.0,133.37,2.0,35.09,2.0,0.01,2.0,2.44,2.0,0.02,2.0,0.018,2.0,0.006,2.0,0.004,2.0,0.031,2.0,2317.5,2.0,2408.0,2.0,38.6,2.0,,9.0,,9.0,,9.0,0.0,2.0,0.0,2.0,1.586,1.0,,9.0,,9.0,,9.0,0.0,2.0,99.916,2.0,1.7872,2.0,,,,,['I08N'],2019-12-05,2019-12-27,Akiko
229,17.0,1.0,13.0,,  I08N,1213.0,2.0,20191208.0,1209.0,2.0011,80.0008,3875,3081.9,1.6843,1.6843,2.0,34.73,2.0,34.7305,2.0,157.0,2.0,157.0,2.0,135.03,2.0,35.07,2.0,0.01,2.0,2.43,2.0,0.04,2.0,0.013,2.0,0.005,2.0,0.001,2.0,0.006,2.0,2316.4,2.0,2415.7,2.0,38.8,2.0,,9.0,,9.0,,9.0,0.0,2.0,0.0,2.0,1.557,1.0,0.301,2.0,0.176,2.0,0.02,2.0,0.001,2.0,99.931,2.0,1.6843,2.0,,,,,['I08N'],2019-12-05,2019-12-27,Akiko
230,17.0,1.0,12.0,,  I08N,1212.0,2.0,20191208.0,1209.0,2.0011,80.0008,3875,3329.1,1.5695,1.57,2.0,34.7257,2.0,34.7259,2.0,158.9,2.0,158.9,2.0,138.16,2.0,34.96,2.0,0.01,2.0,2.43,2.0,0.04,2.0,0.021,2.0,0.008,2.0,0.004,2.0,0.005,2.0,2321.2,2.0,2414.0,6.0,38.1,2.0,,9.0,,9.0,,9.0,0.0,2.0,0.0,2.0,1.582,1.0,,9.0,,9.0,,9.0,0.0,2.0,99.941,2.0,1.57,2.0,,,,,['I08N'],2019-12-05,2019-12-27,Akiko
231,17.0,1.0,11.0,,  I08N,1211.0,2.0,20191208.0,1209.0,2.0011,80.0008,3875,3580.3,1.4438,1.4438,2.0,34.721,2.0,34.7211,2.0,163.8,2.0,163.8,2.0,139.8,2.0,34.82,2.0,0.02,2.0,2.4,2.0,0.04,2.0,0.016,2.0,0.007,2.0,0.001,2.0,0.024,2.0,2320.9,2.0,2419.5,2.0,36.2,2.0,,9.0,,9.0,,9.0,0.0,2.0,0.0,2.0,1.583,1.0,0.326,2.0,0.19,2.0,0.03,2.0,-0.001,2.0,99.954,2.0,1.4438,2.0,,,,,['I08N'],2019-12-05,2019-12-27,Akiko
232,17.0,1.0,10.0,,  I08N,1210.0,2.0,20191208.0,1209.0,2.0011,80.0008,3875,3828.9,1.3878,1.3878,2.0,34.7185,2.0,34.719,2.0,169.6,2.0,169.6,2.0,138.5,2.0,34.68,2.0,0.01,2.0,2.38,2.0,0.04,2.0,0.021,2.0,0.008,2.0,0.002,2.0,0.023,2.0,2317.2,2.0,2423.7,2.0,34.8,2.0,,9.0,,9.0,,9.0,0.0,2.0,0.0,2.0,1.543,1.0,,9.0,,9.0,,9.0,-0.001,2.0,99.941,2.0,1.3878,2.0,,,,,['I08N'],2019-12-05,2019-12-27,Akiko
233,17.0,1.0,2.0,,  I08N,12046.0,2.0,20191208.0,1209.0,2.0011,80.0008,3875,59.2,29.0904,29.0887,2.0,34.6788,2.0,34.6805,2.0,192.0,2.0,192.1,2.0,1.55,2.0,0.12,2.0,0.02,2.0,0.14,2.0,0.08,2.0,,9.0,,9.0,,9.0,,9.0,1961.5,2.0,2273.0,2.0,61.9,2.0,0.53,2.0,11.6,2.0,266.1,2.0,0.0,2.0,0.0,2.0,1.274,1.0,0.319,2.0,0.176,2.0,0.023,2.0,0.489,2.0,97.971,2.0,29.0887,2.0,,,,,['I08N'],2019-12-05,2019-12-27,Akiko
234,17.0,1.0,1.0,,  I08N,1201.0,2.0,20191208.0,1209.0,2.0011,80.0008,3875,3910.6,1.3899,1.3898,2.0,34.7185,2.0,34.7185,2.0,170.4,2.0,170.5,2.0,138.57,2.0,34.68,2.0,0.01,2.0,2.39,2.0,0.03,2.0,0.019,2.0,0.007,2.0,0.004,2.0,0.001,2.0,2315.8,2.0,2422.3,2.0,33.6,2.0,,9.0,,9.0,,9.0,0.0,2.0,0.0,2.0,1.536,1.0,0.322,2.0,0.187,2.0,0.034,2.0,0.0,2.0,99.962,2.0,1.3898,2.0,,,,,['I08N'],2019-12-05,2019-12-27,Akiko
235,18.0,1.0,36.0,,  I08N,1236.0,2.0,20191208.0,1734.0,1.6666,80.0001,3779,10.3,29.3089,29.3102,3.0,33.7993,2.0,,9.0,197.2,2.0,,9.0,,9.0,,9.0,,9.0,,9.0,,9.0,,9.0,,9.0,,9.0,,9.0,,9.0,,9.0,,9.0,,9.0,,9.0,,9.0,0.0,2.0,0.0,2.0,1.17,1.0,,9.0,,9.0,,9.0,0.09,2.0,98.458,2.0,29.3102,3.0,,,,,['I08N'],2019-12-05,2019-12-27,Akiko
236,18.0,1.0,35.0,,  I08N,1235.0,2.0,20191208.0,1734.0,1.6666,80.0001,3779,10.5,29.3119,29.3117,3.0,33.7871,2.0,,9.0,197.2,2.0,,9.0,,9.0,,9.0,,9.0,,9.0,,9.0,,9.0,,9.0,,9.0,,9.0,,9.0,,9.0,,9.0,,9.0,,9.0,,9.0,0.0,2.0,0.0,2.0,1.178,1.0,,9.0,,9.0,,9.0,0.095,2.0,98.488,2.0,29.3117,3.0,,,,,['I08N'],2019-12-05,2019-12-27,Akiko
237,18.0,1.0,34.0,,  I08N,1234.0,2.0,20191208.0,1734.0,1.6666,80.0001,3779,10.5,29.3048,29.3147,3.0,33.8175,2.0,,9.0,197.1,2.0,,9.0,,9.0,,9.0,,9.0,,9.0,,9.0,,9.0,,9.0,,9.0,,9.0,,9.0,,9.0,,9.0,,9.0,,9.0,,9.0,0.001,2.0,0.001,2.0,1.164,1.0,,9.0,,9.0,,9.0,0.093,2.0,98.513,2.0,29.3147,3.0,,,,,['I08N'],2019-12-05,2019-12-27,Akiko
238,18.0,1.0,33.0,,  I08N,1233.0,2.0,20191208.0,1734.0,1.6666,80.0001,3779,10.1,29.1686,29.1687,3.0,33.9067,2.0,,9.0,197.1,2.0,,9.0,,9.0,,9.0,,9.0,,9.0,,9.0,,9.0,,9.0,,9.0,,9.0,,9.0,,9.0,,9.0,,9.0,,9.0,,9.0,0.0,2.0,0.0,2.0,1.173,1.0,,9.0,,9.0,,9.0,0.119,2.0,98.437,2.0,29.1687,3.0,,,,,['I08N'],2019-12-05,2019-12-27,Akiko
239,18.0,1.0,32.0,,  I08N,1232.0,2.0,20191208.0,1734.0,1.6666,80.0001,3779,49.9,28.8028,28.8015,3.0,34.5653,2.0,,9.0,192.2,2.0,,9.0,,9.0,,9.0,,9.0,,9.0,,9.0,,9.0,,9.0,,9.0,,9.0,,9.0,,9.0,,9.0,,9.0,,9.0,,9.0,0.0,2.0,0.0,2.0,1.287,1.0,,9.0,,9.0,,9.0,0.519,2.0,97.73,2.0,28.8015,3.0,,,,,['I08N'],2019-12-05,2019-12-27,Akiko
240,18.0,1.0,31.0,,  I08N,1231.0,2.0,20191208.0,1734.0,1.6666,80.0001,3779,50.4,28.8097,28.8074,3.0,34.5642,2.0,,9.0,192.1,2.0,,9.0,,9.0,,9.0,,9.0,,9.0,,9.0,,9.0,,9.0,,9.0,,9.0,,9.0,,9.0,,9.0,,9.0,,9.0,,9.0,0.0,2.0,0.0,2.0,1.299,1.0,,9.0,,9.0,,9.0,0.517,2.0,97.757,2.0,28.8074,3.0,,,,,['I08N'],2019-12-05,2019-12-27,Akiko
241,18.0,1.0,30.0,,  I08N,1230.0,2.0,20191208.0,1734.0,1.6666,80.0001,3779,50.1,28.7987,28.7973,3.0,34.5671,2.0,,9.0,192.0,2.0,,9.0,,9.0,,9.0,,9.0,,9.0,,9.0,,9.0,,9.0,,9.0,,9.0,,9.0,,9.0,,9.0,,9.0,,9.0,,9.0,0.0,2.0,0.0,2.0,1.301,1.0,,9.0,,9.0,,9.0,0.517,2.0,97.766,2.0,28.7973,3.0,,,,,['I08N'],2019-12-05,2019-12-27,Akiko
242,18.0,1.0,29.0,,  I08N,1229.0,2.0,20191208.0,1734.0,1.6666,80.0001,3779,50.4,28.796,28.7915,3.0,34.5691,2.0,,9.0,191.7,2.0,,9.0,,9.0,,9.0,,9.0,,9.0,,9.0,,9.0,,9.0,,9.0,,9.0,,9.0,,9.0,,9.0,,9.0,,9.0,,9.0,0.0,2.0,0.0,2.0,1.29,1.0,,9.0,,9.0,,9.0,0.51,2.0,97.793,2.0,28.7915,3.0,,,,,['I08N'],2019-12-05,2019-12-27,Akiko
243,18.0,1.0,28.0,,  I08N,1228.0,2.0,20191208.0,1734.0,1.6666,80.0001,3779,101.3,20.2998,20.2995,3.0,35.2708,2.0,,9.0,55.9,2.0,,9.0,,9.0,,9.0,,9.0,,9.0,,9.0,,9.0,,9.0,,9.0,,9.0,,9.0,,9.0,,9.0,,9.0,,9.0,,9.0,0.0,2.0,0.0,2.0,1.542,1.0,,9.0,,9.0,,9.0,0.206,2.0,99.307,2.0,20.2995,3.0,,,,,['I08N'],2019-12-05,2019-12-27,Akiko
244,18.0,1.0,27.0,,  I08N,1227.0,2.0,20191208.0,1734.0,1.6666,80.0001,3779,101.2,20.3189,20.3228,3.0,35.2684,2.0,,9.0,57.0,2.0,,9.0,,9.0,,9.0,,9.0,,9.0,,9.0,,9.0,,9.0,,9.0,,9.0,,9.0,,9.0,,9.0,,9.0,,9.0,,9.0,0.0,2.0,0.0,2.0,1.539,1.0,,9.0,,9.0,,9.0,0.222,2.0,99.324,2.0,20.3228,3.0,,,,,['I08N'],2019-12-05,2019-12-27,Akiko
245,18.0,1.0,26.0,,  I08N,1226.0,2.0,20191208.0,1734.0,1.6666,80.0001,3779,101.2,20.3201,20.3153,3.0,35.2678,2.0,,9.0,58.0,2.0,,9.0,,9.0,,9.0,,9.0,,9.0,,9.0,,9.0,,9.0,,9.0,,9.0,,9.0,,9.0,,9.0,,9.0,,9.0,,9.0,0.0,2.0,0.0,2.0,1.53,1.0,,9.0,,9.0,,9.0,0.212,2.0,99.336,2.0,20.3153,3.0,,,,,['I08N'],2019-12-05,2019-12-27,Akiko
246,18.0,1.0,25.0,,  I08N,1225.0,2.0,20191208.0,1734.0,1.6666,80.0001,3779,101.0,20.3325,20.3353,3.0,35.2645,2.0,,9.0,57.7,2.0,,9.0,,9.0,,9.0,,9.0,,9.0,,9.0,,9.0,,9.0,,9.0,,9.0,,9.0,,9.0,,9.0,,9.0,,9.0,,9.0,0.0,2.0,0.0,2.0,1.522,1.0,,9.0,,9.0,,9.0,0.204,2.0,99.351,2.0,20.3353,3.0,,,,,['I08N'],2019-12-05,2019-12-27,Akiko
247,18.0,1.0,24.0,,  I08N,1224.0,2.0,20191208.0,1734.0,1.6666,80.0001,3779,202.2,13.6258,13.6271,3.0,35.1191,2.0,,9.0,64.0,2.0,,9.0,,9.0,,9.0,,9.0,,9.0,,9.0,,9.0,,9.0,,9.0,,9.0,,9.0,,9.0,,9.0,,9.0,,9.0,,9.0,0.0,2.0,0.0,2.0,1.542,1.0,,9.0,,9.0,,9.0,-0.002,2.0,99.614,2.0,13.6271,3.0,,,,,['I08N'],2019-12-05,2019-12-27,Akiko
248,18.0,1.0,23.0,,  I08N,1223.0,2.0,20191208.0,1734.0,1.6666,80.0001,3779,201.5,13.625,13.6252,3.0,35.119,2.0,,9.0,64.0,2.0,,9.0,,9.0,,9.0,,9.0,,9.0,,9.0,,9.0,,9.0,,9.0,,9.0,,9.0,,9.0,,9.0,,9.0,,9.0,,9.0,0.0,2.0,0.0,2.0,1.548,1.0,,9.0,,9.0,,9.0,-0.002,2.0,99.608,2.0,13.6252,3.0,,,,,['I08N'],2019-12-05,2019-12-27,Akiko
249,18.0,1.0,22.0,,  I08N,1222.0,2.0,20191208.0,1734.0,1.6666,80.0001,3779,201.5,13.6259,13.6261,3.0,35.1189,2.0,,9.0,64.0,2.0,,9.0,,9.0,,9.0,,9.0,,9.0,,9.0,,9.0,,9.0,,9.0,,9.0,,9.0,,9.0,,9.0,,9.0,,9.0,,9.0,0.0,2.0,0.0,2.0,1.545,1.0,,9.0,,9.0,,9.0,-0.002,2.0,99.618,2.0,13.6261,3.0,,,,,['I08N'],2019-12-05,2019-12-27,Akiko
250,18.0,1.0,21.0,,  I08N,1221.0,2.0,20191208.0,1734.0,1.6666,80.0001,3779,202.1,13.6266,13.6258,3.0,35.1187,2.0,,9.0,64.1,2.0,,9.0,,9.0,,9.0,,9.0,,9.0,,9.0,,9.0,,9.0,,9.0,,9.0,,9.0,,9.0,,9.0,,9.0,,9.0,,9.0,0.0,2.0,0.0,2.0,1.551,1.0,,9.0,,9.0,,9.0,-0.002,2.0,99.631,2.0,13.6258,3.0,,,,,['I08N'],2019-12-05,2019-12-27,Akiko
251,18.0,1.0,20.0,,  I08N,1220.0,2.0,20191208.0,1734.0,1.6666,80.0001,3779,372.0,10.9587,10.9583,3.0,35.0224,2.0,,9.0,79.4,2.0,,9.0,,9.0,,9.0,,9.0,,9.0,,9.0,,9.0,,9.0,,9.0,,9.0,,9.0,,9.0,,9.0,,9.0,,9.0,,9.0,0.0,2.0,0.0,2.0,1.512,1.0,,9.0,,9.0,,9.0,0.005,2.0,99.608,2.0,10.9583,3.0,,,,,['I08N'],2019-12-05,2019-12-27,Akiko
252,18.0,1.0,19.0,,  I08N,1219.0,2.0,20191208.0,1734.0,1.6666,80.0001,3779,371.2,10.959,10.9586,3.0,35.0225,2.0,,9.0,79.5,2.0,,9.0,,9.0,,9.0,,9.0,,9.0,,9.0,,9.0,,9.0,,9.0,,9.0,,9.0,,9.0,,9.0,,9.0,,9.0,,9.0,0.0,2.0,0.0,2.0,1.511,1.0,,9.0,,9.0,,9.0,0.005,2.0,99.599,2.0,10.9586,3.0,,,,,['I08N'],2019-12-05,2019-12-27,Akiko
253,18.0,1.0,18.0,,  I08N,1218.0,2.0,20191208.0,1734.0,1.6666,80.0001,3779,372.0,10.9581,10.9579,3.0,35.0223,2.0,,9.0,79.4,2.0,,9.0,,9.0,,9.0,,9.0,,9.0,,9.0,,9.0,,9.0,,9.0,,9.0,,9.0,,9.0,,9.0,,9.0,,9.0,,9.0,0.0,2.0,0.0,2.0,1.507,1.0,,9.0,,9.0,,9.0,0.004,2.0,99.614,2.0,10.9579,3.0,,,,,['I08N'],2019-12-05,2019-12-27,Akiko
254,18.0,1.0,17.0,,  I08N,1217.0,2.0,20191208.0,1734.0,1.6666,80.0001,3779,372.2,10.9581,10.9582,3.0,35.0225,2.0,,9.0,79.4,2.0,,9.0,,9.0,,9.0,,9.0,,9.0,,9.0,,9.0,,9.0,,9.0,,9.0,,9.0,,9.0,,9.0,,9.0,,9.0,,9.0,0.0,2.0,0.0,2.0,1.512,1.0,,9.0,,9.0,,9.0,0.004,2.0,99.612,2.0,10.9582,3.0,,,,,['I08N'],2019-12-05,2019-12-27,Akiko
255,18.0,1.0,16.0,,  I08N,1216.0,2.0,20191208.0,1734.0,1.6666,80.0001,3779,571.4,9.698,9.6978,3.0,35.0199,2.0,,9.0,59.8,2.0,,9.0,,9.0,,9.0,,9.0,,9.0,,9.0,,9.0,,9.0,,9.0,,9.0,,9.0,,9.0,,9.0,,9.0,,9.0,,9.0,0.0,2.0,0.0,2.0,1.57,1.0,,9.0,,9.0,,9.0,0.004,2.0,99.686,2.0,9.6978,3.0,,,,,['I08N'],2019-12-05,2019-12-27,Akiko
256,18.0,1.0,15.0,,  I08N,1215.0,2.0,20191208.0,1734.0,1.6666,80.0001,3779,571.3,9.698,9.6979,3.0,35.0199,2.0,,9.0,59.8,2.0,,9.0,,9.0,,9.0,,9.0,,9.0,,9.0,,9.0,,9.0,,9.0,,9.0,,9.0,,9.0,,9.0,,9.0,,9.0,,9.0,0.0,2.0,0.0,2.0,1.558,1.0,,9.0,,9.0,,9.0,0.004,2.0,99.738,2.0,9.6979,3.0,,,,,['I08N'],2019-12-05,2019-12-27,Akiko
257,18.0,1.0,14.0,,  I08N,1214.0,2.0,20191208.0,1734.0,1.6666,80.0001,3779,571.2,9.698,9.6977,3.0,35.0199,2.0,,9.0,59.8,2.0,,9.0,,9.0,,9.0,,9.0,,9.0,,9.0,,9.0,,9.0,,9.0,,9.0,,9.0,,9.0,,9.0,,9.0,,9.0,,9.0,0.0,2.0,0.0,2.0,1.567,1.0,,9.0,,9.0,,9.0,0.004,2.0,99.734,2.0,9.6977,3.0,,,,,['I08N'],2019-12-05,2019-12-27,Akiko
258,18.0,1.0,13.0,,  I08N,1213.0,2.0,20191208.0,1734.0,1.6666,80.0001,3779,571.7,9.6979,9.6976,3.0,35.0199,2.0,,9.0,59.8,2.0,,9.0,,9.0,,9.0,,9.0,,9.0,,9.0,,9.0,,9.0,,9.0,,9.0,,9.0,,9.0,,9.0,,9.0,,9.0,,9.0,0.0,2.0,0.0,2.0,1.569,1.0,,9.0,,9.0,,9.0,0.004,2.0,99.73,2.0,9.6976,3.0,,,,,['I08N'],2019-12-05,2019-12-27,Akiko
259,18.0,1.0,12.0,,  I08N,1212.0,2.0,20191208.0,1734.0,1.6666,80.0001,3779,770.2,8.3614,8.3605,3.0,35.0172,2.0,,9.0,38.4,2.0,,9.0,,9.0,,9.0,,9.0,,9.0,,9.0,,9.0,,9.0,,9.0,,9.0,,9.0,,9.0,,9.0,,9.0,,9.0,,9.0,0.0,2.0,0.0,2.0,1.65,1.0,,9.0,,9.0,,9.0,0.003,2.0,99.778,2.0,8.3605,3.0,,,,,['I08N'],2019-12-05,2019-12-27,Akiko
260,18.0,1.0,11.0,,  I08N,1211.0,2.0,20191208.0,1734.0,1.6666,80.0001,3779,770.1,8.3626,8.3618,3.0,35.0173,2.0,,9.0,38.4,2.0,,9.0,,9.0,,9.0,,9.0,,9.0,,9.0,,9.0,,9.0,,9.0,,9.0,,9.0,,9.0,,9.0,,9.0,,9.0,,9.0,0.0,2.0,0.0,2.0,1.641,1.0,,9.0,,9.0,,9.0,0.003,2.0,99.789,2.0,8.3618,3.0,,,,,['I08N'],2019-12-05,2019-12-27,Akiko
261,18.0,1.0,10.0,,  I08N,1210.0,2.0,20191208.0,1734.0,1.6666,80.0001,3779,770.5,8.3604,8.3601,3.0,35.017,2.0,,9.0,38.4,2.0,,9.0,,9.0,,9.0,,9.0,,9.0,,9.0,,9.0,,9.0,,9.0,,9.0,,9.0,,9.0,,9.0,,9.0,,9.0,,9.0,0.0,2.0,0.0,2.0,1.652,1.0,,9.0,,9.0,,9.0,0.003,2.0,99.776,2.0,8.3601,3.0,,,,,['I08N'],2019-12-05,2019-12-27,Akiko
262,18.0,1.0,9.0,,  I08N,1209.0,2.0,20191208.0,1734.0,1.6666,80.0001,3779,770.5,8.3589,8.3592,3.0,35.017,2.0,,9.0,38.4,2.0,,9.0,,9.0,,9.0,,9.0,,9.0,,9.0,,9.0,,9.0,,9.0,,9.0,,9.0,,9.0,,9.0,,9.0,,9.0,,9.0,0.0,2.0,0.0,2.0,1.651,1.0,,9.0,,9.0,,9.0,0.003,2.0,99.791,2.0,8.3592,3.0,,,,,['I08N'],2019-12-05,2019-12-27,Akiko
263,19.0,1.0,36.0,,  I08N,1236.0,2.0,20191208.0,2204.0,1.3341,80.0002,4569,10.3,29.2472,29.239,2.0,33.8137,2.0,33.7907,2.0,196.8,2.0,196.2,2.0,1.79,2.0,0.02,2.0,0.01,2.0,0.09,2.0,0.04,2.0,1.367,2.0,0.908,2.0,0.108,2.0,1.646,2.0,1917.1,2.0,2227.4,2.0,,9.0,0.14,2.0,,9.0,,9.0,0.0,2.0,0.0,2.0,1.188,1.0,,9.0,,9.0,,9.0,0.096,2.0,98.473,2.0,29.239,2.0,,,,,['I08N'],2019-12-05,2019-12-27,Akiko
264,19.0,1.0,35.0,,  I08N,1235.0,2.0,20191208.0,2204.0,1.3341,80.0002,4569,51.9,28.7655,28.7641,2.0,34.7254,2.0,34.7218,2.0,190.9,2.0,190.7,2.0,1.31,2.0,0.02,2.0,0.02,2.0,0.16,2.0,0.09,2.0,1.36,2.0,0.905,2.0,0.103,2.0,1.508,2.0,1965.6,2.0,2278.8,2.0,,9.0,0.4,2.0,,9.0,,9.0,0.0,2.0,0.0,2.0,1.317,1.0,,9.0,,9.0,,9.0,0.447,2.0,97.829,2.0,28.7641,2.0,,,,,['I08N'],2019-12-05,2019-12-27,Akiko
265,19.0,1.0,34.0,,  I08N,1234.0,2.0,20191208.0,2204.0,1.3341,80.0002,4569,101.1,20.1639,20.1649,2.0,35.1965,2.0,35.1902,2.0,52.0,2.0,52.1,2.0,15.09,2.0,21.65,2.0,0.06,2.0,1.56,2.0,0.02,2.0,1.393,2.0,0.895,2.0,0.019,2.0,0.946,2.0,2167.4,2.0,2304.4,2.0,,9.0,0.16,2.0,,9.0,,9.0,0.0,2.0,0.0,2.0,1.539,1.0,,9.0,,9.0,,9.0,0.205,2.0,99.324,2.0,20.1649,2.0,,,,,['I08N'],2019-12-05,2019-12-27,Akiko
266,19.0,1.0,33.0,,  I08N,1233.0,2.0,20191208.0,2204.0,1.3341,80.0002,4569,150.6,15.7557,15.7731,2.0,35.12,2.0,35.1211,2.0,42.7,2.0,42.7,2.0,21.06,2.0,26.2,2.0,0.02,2.0,1.86,2.0,0.02,2.0,1.494,2.0,0.906,2.0,0.006,2.0,0.737,2.0,2211.0,2.0,2309.9,2.0,,9.0,0.02,2.0,,9.0,,9.0,0.0,2.0,0.0,2.0,1.589,1.0,,9.0,,9.0,,9.0,0.013,2.0,99.57,2.0,15.7731,2.0,,,,,['I08N'],2019-12-05,2019-12-27,Akiko
267,19.0,1.0,32.0,,  I08N,1232.0,2.0,20191208.0,2204.0,1.3341,80.0002,4569,200.3,13.7182,13.7186,2.0,35.1196,2.0,35.1189,2.0,62.0,2.0,61.8,2.0,20.71,2.0,26.23,2.0,0.02,2.0,1.82,2.0,0.03,2.0,1.764,2.0,1.009,2.0,0.007,2.0,0.706,2.0,2217.7,2.0,2316.8,2.0,,9.0,0.01,2.0,,9.0,,9.0,0.0,2.0,0.0,2.0,1.549,1.0,,9.0,,9.0,,9.0,-0.002,2.0,99.56,2.0,13.7186,2.0,,,,,['I08N'],2019-12-05,2019-12-27,Akiko
268,19.0,1.0,31.0,,  I08N,1231.0,2.0,20191208.0,2204.0,1.3341,80.0002,4569,250.4,12.6303,12.6286,2.0,35.0948,2.0,35.0963,2.0,75.5,2.0,74.9,2.0,21.18,2.0,26.22,2.0,0.02,2.0,1.8,2.0,0.02,2.0,1.848,2.0,1.036,2.0,0.014,2.0,0.619,2.0,2217.4,2.0,2315.4,2.0,,9.0,0.01,2.0,,9.0,,9.0,0.0,2.0,0.0,2.0,1.522,1.0,,9.0,,9.0,,9.0,0.001,2.0,99.545,2.0,12.6286,2.0,,,,,['I08N'],2019-12-05,2019-12-27,Akiko
269,19.0,1.0,30.0,,  I08N,1230.0,2.0,20191208.0,2204.0,1.3341,80.0002,4569,279.9,11.9894,11.9896,2.0,35.0665,2.0,35.0683,2.0,81.1,2.0,80.3,2.0,21.97,2.0,26.5,2.0,0.02,2.0,1.81,2.0,0.01,2.0,1.822,2.0,1.022,2.0,0.016,2.0,0.628,2.0,2221.3,2.0,2317.6,2.0,,9.0,,9.0,,9.0,,9.0,0.0,2.0,0.0,2.0,1.514,1.0,,9.0,,9.0,,9.0,0.002,2.0,99.554,2.0,11.9896,2.0,,,,,['I08N'],2019-12-05,2019-12-27,Akiko
270,19.0,1.0,29.0,,  I08N,1229.0,2.0,20191208.0,2204.0,1.3341,80.0002,4569,371.0,11.2045,11.2044,2.0,35.0514,2.0,35.0512,2.0,69.3,2.0,68.7,2.0,26.73,2.0,29.04,2.0,0.01,2.0,1.99,2.0,0.02,2.0,1.505,2.0,0.833,2.0,0.018,2.0,0.487,2.0,2233.1,2.0,2317.2,2.0,,9.0,,9.0,,9.0,,9.0,0.0,2.0,0.0,2.0,1.527,1.0,,9.0,,9.0,,9.0,0.004,2.0,99.549,2.0,11.2044,2.0,,,,,['I08N'],2019-12-05,2019-12-27,Akiko
271,19.0,1.0,28.0,,  I08N,1228.0,2.0,20191208.0,2204.0,1.3341,80.0002,4569,470.5,10.2865,10.2861,2.0,35.0108,2.0,35.0104,2.0,67.7,2.0,67.5,2.0,32.59,2.0,30.76,2.0,0.01,2.0,2.13,2.0,0.03,2.0,1.154,2.0,0.64,2.0,0.013,2.0,0.321,2.0,2241.7,2.0,2320.6,2.0,,9.0,,9.0,,9.0,,9.0,0.0,2.0,0.0,2.0,1.536,1.0,,9.0,,9.0,,9.0,0.004,2.0,99.648,2.0,10.2861,2.0,,,,,['I08N'],2019-12-05,2019-12-27,Akiko
272,19.0,1.0,27.0,,  I08N,1227.0,2.0,20191208.0,2204.0,1.3341,80.0002,4569,567.9,9.721,9.7207,2.0,35.0213,2.0,35.0195,2.0,57.7,2.0,58.0,2.0,40.87,2.0,32.71,2.0,0.01,2.0,2.32,4.0,0.02,2.0,0.784,2.0,0.441,2.0,0.009,2.0,0.204,2.0,2258.2,2.0,2327.6,2.0,,9.0,,9.0,,9.0,,9.0,0.0,2.0,0.0,2.0,1.568,1.0,,9.0,,9.0,,9.0,0.004,2.0,99.709,2.0,9.7207,2.0,,,,,['I08N'],2019-12-05,2019-12-27,Akiko
273,19.0,1.0,26.0,,  I08N,1226.0,2.0,20191208.0,2204.0,1.3341,80.0002,4569,670.1,9.1767,9.176,2.0,35.042,2.0,35.0437,2.0,41.9,2.0,41.3,2.0,51.77,2.0,34.83,2.0,0.01,2.0,2.53,4.0,0.04,2.0,0.411,2.0,0.236,2.0,0.01,2.0,0.077,2.0,2276.4,6.0,2333.7,2.0,,9.0,,9.0,,9.0,,9.0,0.0,2.0,0.0,2.0,1.627,1.0,,9.0,,9.0,,9.0,0.003,2.0,99.737,2.0,9.176,2.0,,,,,['I08N'],2019-12-05,2019-12-27,Akiko
274,19.0,1.0,25.0,,  I08N,1225.0,2.0,20191208.0,2204.0,1.3341,80.0002,4569,770.1,8.3371,8.3369,2.0,35.0124,2.0,35.0146,2.0,40.5,2.0,40.3,2.0,62.47,2.0,36.08,2.0,0.02,2.0,2.63,4.0,0.03,2.0,0.217,2.0,0.125,2.0,0.001,2.0,0.033,2.0,2289.9,2.0,2343.3,2.0,,9.0,,9.0,,9.0,,9.0,0.0,2.0,0.0,2.0,1.646,1.0,,9.0,,9.0,,9.0,0.002,2.0,99.758,2.0,8.3369,2.0,,,,,['I08N'],2019-12-05,2019-12-27,Akiko
275,19.0,1.0,24.0,,  I08N,1224.0,2.0,20191208.0,2204.0,1.3341,80.0002,4569,869.2,7.7173,7.7169,2.0,34.9933,2.0,34.9917,2.0,42.2,2.0,42.1,2.0,70.75,2.0,36.88,2.0,0.02,2.0,2.69,4.0,0.05,2.0,0.124,2.0,0.07,2.0,0.001,2.0,0.019,2.0,2298.8,2.0,2350.7,2.0,,9.0,,9.0,,9.0,,9.0,0.0,2.0,0.0,2.0,1.648,1.0,,9.0,,9.0,,9.0,0.003,2.0,99.777,2.0,7.7169,2.0,,,,,['I08N'],2019-12-05,2019-12-27,Akiko
276,19.0,1.0,23.0,,  I08N,1223.0,2.0,20191208.0,2204.0,1.3341,80.0002,4569,970.3,7.1456,7.1466,2.0,34.9665,2.0,34.9648,2.0,43.7,2.0,43.8,2.0,78.55,2.0,37.41,2.0,0.02,2.0,2.74,4.0,0.04,2.0,0.072,2.0,0.04,2.0,0.001,2.0,0.01,2.0,2307.8,2.0,2359.4,2.0,,9.0,,9.0,,9.0,,9.0,0.0,2.0,0.0,2.0,1.669,1.0,,9.0,,9.0,,9.0,0.002,2.0,99.798,2.0,7.1466,2.0,,,,,['I08N'],2019-12-05,2019-12-27,Akiko
277,19.0,1.0,22.0,,  I08N,1222.0,2.0,20191208.0,2204.0,1.3341,80.0002,4569,1130.0,6.0952,6.0958,2.0,34.9077,2.0,34.9077,2.0,59.6,2.0,59.5,2.0,88.6,2.0,37.43,2.0,0.02,2.0,2.73,4.0,0.03,2.0,0.046,2.0,0.023,2.0,0.0,2.0,0.003,2.0,2312.4,2.0,2369.4,6.0,,9.0,,9.0,,9.0,,9.0,0.0,2.0,0.0,2.0,1.671,1.0,,9.0,,9.0,,9.0,0.001,2.0,99.836,2.0,6.0958,2.0,,,,,['I08N'],2019-12-05,2019-12-27,Akiko
278,19.0,1.0,21.0,,  I08N,1221.0,2.0,20191208.0,2204.0,1.3341,80.0002,4569,1329.0,5.1383,5.137,2.0,34.8743,2.0,34.8737,2.0,74.2,2.0,74.2,2.0,98.2,2.0,37.3,2.0,0.02,2.0,2.72,4.0,0.03,2.0,0.025,2.0,0.01,2.0,0.0,2.0,0.002,2.0,2319.3,2.0,2378.5,2.0,,9.0,,9.0,,9.0,,9.0,0.0,2.0,0.0,2.0,1.649,1.0,,9.0,,9.0,,9.0,0.001,2.0,99.831,2.0,5.137,2.0,,,,,['I08N'],2019-12-05,2019-12-27,Akiko
279,19.0,1.0,20.0,,  I08N,1220.0,2.0,20191208.0,2204.0,1.3341,80.0002,4569,1528.8,4.4371,4.4351,2.0,34.8523,2.0,34.8516,2.0,86.4,2.0,86.9,2.0,106.52,2.0,36.94,2.0,0.02,2.0,2.7,4.0,0.03,2.0,0.019,2.0,0.009,2.0,0.004,2.0,0.017,2.0,2321.7,2.0,2386.2,2.0,,9.0,,9.0,,9.0,,9.0,0.0,2.0,0.0,2.0,1.654,1.0,,9.0,,9.0,,9.0,0.001,2.0,99.85,2.0,4.4351,2.0,,,,,['I08N'],2019-12-05,2019-12-27,Akiko
280,19.0,1.0,19.0,,  I08N,1219.0,2.0,20191208.0,2204.0,1.3341,80.0002,4569,1729.9,3.3829,3.3838,2.0,34.8045,2.0,34.8042,2.0,110.1,2.0,110.0,2.0,116.27,4.0,36.41,2.0,0.01,2.0,2.62,4.0,0.02,2.0,0.014,2.0,0.006,2.0,0.0,2.0,0.004,2.0,2325.4,2.0,2394.4,2.0,,9.0,,9.0,,9.0,,9.0,0.0,2.0,0.0,2.0,1.627,1.0,,9.0,,9.0,,9.0,0.0,2.0,99.865,2.0,3.3838,2.0,,,,,['I08N'],2019-12-05,2019-12-27,Akiko
281,19.0,1.0,18.0,,  I08N,1218.0,2.0,20191208.0,2204.0,1.3341,80.0002,4569,1929.6,2.938,2.9377,2.0,34.7847,2.0,34.7833,2.0,121.2,2.0,121.3,2.0,121.12,4.0,36.0,2.0,0.02,2.0,2.58,4.0,0.02,2.0,0.012,2.0,0.005,2.0,0.002,2.0,0.005,2.0,2321.2,2.0,2403.5,2.0,,9.0,,9.0,,9.0,,9.0,0.0,2.0,0.0,2.0,1.621,1.0,,9.0,,9.0,,9.0,0.0,2.0,99.85,2.0,2.9377,2.0,,,,,['I08N'],2019-12-05,2019-12-27,Akiko
282,19.0,1.0,17.0,,  I08N,1217.0,2.0,20191208.0,2204.0,1.3341,80.0002,4569,2129.4,2.4775,2.4777,2.0,34.7639,2.0,34.7628,2.0,135.4,2.0,135.4,2.0,124.85,2.0,35.59,2.0,0.02,2.0,2.52,2.0,0.05,2.0,0.021,2.0,0.008,2.0,0.002,2.0,0.008,2.0,2317.7,2.0,2403.4,2.0,,9.0,,9.0,,9.0,,9.0,0.0,2.0,0.0,2.0,1.605,1.0,,9.0,,9.0,,9.0,-0.001,2.0,99.874,2.0,2.4777,2.0,,,,,['I08N'],2019-12-05,2019-12-27,Akiko
283,19.0,1.0,16.0,,  I08N,1216.0,2.0,20191208.0,2204.0,1.3341,80.0002,4569,2332.3,2.2993,2.2991,2.0,34.756,2.0,34.755,2.0,140.5,2.0,140.6,2.0,126.34,4.0,35.22,2.0,0.02,2.0,2.48,4.0,0.05,2.0,0.014,2.0,0.006,2.0,0.0,2.0,0.002,2.0,2319.0,6.0,2406.3,2.0,,9.0,,9.0,,9.0,,9.0,0.0,2.0,0.0,2.0,1.595,1.0,,9.0,,9.0,,9.0,0.0,2.0,99.874,2.0,2.2991,2.0,,,,,['I08N'],2019-12-05,2019-12-27,Akiko
284,19.0,1.0,15.0,,  I08N,1215.0,2.0,20191208.0,2204.0,1.3341,80.0002,4569,2530.3,2.0371,2.0374,2.0,34.7447,2.0,34.7431,2.0,147.8,2.0,147.8,2.0,129.39,4.0,35.09,2.0,0.02,2.0,2.45,2.0,0.04,2.0,0.015,2.0,0.006,2.0,0.0,2.0,0.02,2.0,2317.2,2.0,2411.6,2.0,,9.0,,9.0,,9.0,,9.0,0.0,2.0,0.0,2.0,1.575,1.0,,9.0,,9.0,,9.0,0.0,2.0,99.893,2.0,2.0374,2.0,,,,,['I08N'],2019-12-05,2019-12-27,Akiko
285,19.0,1.0,14.0,,  I08N,1214.0,2.0,20191208.0,2204.0,1.3341,80.0002,4569,2729.7,1.8575,1.8582,2.0,34.7367,2.0,34.736,2.0,155.2,2.0,155.2,2.0,130.76,4.0,34.76,2.0,0.02,2.0,2.42,2.0,0.04,2.0,0.016,2.0,0.006,2.0,0.004,2.0,0.007,2.0,2314.8,2.0,2408.7,2.0,,9.0,,9.0,,9.0,,9.0,0.0,2.0,0.0,2.0,1.559,1.0,,9.0,,9.0,,9.0,-0.001,2.0,99.905,2.0,1.8582,2.0,,,,,['I08N'],2019-12-05,2019-12-27,Akiko
286,19.0,1.0,13.0,,  I08N,1213.0,2.0,20191208.0,2204.0,1.3341,80.0002,4569,2931.1,1.7609,1.761,2.0,34.7326,2.0,34.7319,2.0,156.7,2.0,156.2,2.0,133.3,2.0,34.81,2.0,0.02,2.0,2.42,2.0,0.02,2.0,0.014,2.0,0.005,2.0,0.003,2.0,0.005,2.0,2317.3,2.0,2410.4,2.0,,9.0,,9.0,,9.0,,9.0,0.0,2.0,0.0,2.0,1.568,1.0,,9.0,,9.0,,9.0,0.0,2.0,99.897,2.0,1.761,2.0,,,,,['I08N'],2019-12-05,2019-12-27,Akiko
287,19.0,1.0,12.0,,  I08N,1212.0,2.0,20191208.0,2204.0,1.3341,80.0002,4569,3170.1,1.6155,1.616,2.0,34.7275,2.0,34.7265,2.0,158.3,2.0,158.2,2.0,137.52,4.0,35.08,2.0,0.02,2.0,2.43,2.0,0.04,2.0,0.017,2.0,0.006,2.0,0.005,2.0,0.007,2.0,2321.3,2.0,2415.9,6.0,,9.0,,9.0,,9.0,,9.0,0.0,2.0,0.0,2.0,1.588,1.0,,9.0,,9.0,,9.0,-0.001,2.0,99.899,2.0,1.616,2.0,,,,,['I08N'],2019-12-05,2019-12-27,Akiko
288,19.0,1.0,11.0,,  I08N,1211.0,2.0,20191208.0,2204.0,1.3341,80.0002,4569,3420.3,1.5137,1.5136,2.0,34.7236,2.0,34.7224,2.0,159.4,2.0,159.4,2.0,141.02,4.0,34.9,2.0,0.02,2.0,2.41,2.0,0.04,2.0,0.017,2.0,0.006,2.0,0.002,2.0,0.004,2.0,2327.8,2.0,2425.1,2.0,,9.0,,9.0,,9.0,,9.0,0.0,2.0,0.0,2.0,1.602,1.0,,9.0,,9.0,,9.0,-0.001,2.0,99.903,2.0,1.5136,2.0,,,,,['I08N'],2019-12-05,2019-12-27,Akiko
289,19.0,1.0,10.0,,  I08N,1210.0,2.0,20191208.0,2204.0,1.3341,80.0002,4569,3669.5,1.4282,1.4284,2.0,34.7201,2.0,34.7192,2.0,164.8,2.0,164.6,2.0,140.8,2.0,34.94,2.0,0.02,2.0,2.4,2.0,0.04,2.0,0.018,2.0,0.006,2.0,0.002,2.0,0.009,2.0,2323.1,2.0,2425.9,2.0,,9.0,,9.0,,9.0,,9.0,0.0,2.0,0.0,2.0,1.578,1.0,,9.0,,9.0,,9.0,-0.001,2.0,99.909,2.0,1.4284,2.0,,,,,['I08N'],2019-12-05,2019-12-27,Akiko
290,19.0,1.0,9.0,,  I08N,1209.0,2.0,20191208.0,2204.0,1.3341,80.0002,4569,3921.3,1.3875,1.3875,2.0,34.7182,2.0,34.7178,2.0,171.1,2.0,171.1,2.0,138.17,4.0,34.64,2.0,0.03,2.0,2.38,3.0,0.06,2.0,0.018,2.0,0.007,2.0,0.002,2.0,0.005,2.0,2318.6,2.0,2421.7,2.0,,9.0,,9.0,,9.0,,9.0,0.0,2.0,0.0,2.0,1.537,1.0,,9.0,,9.0,,9.0,-0.001,2.0,99.92,2.0,1.3875,2.0,,,,,['I08N'],2019-12-05,2019-12-27,Akiko
291,19.0,1.0,8.0,,  I08N,1208.0,2.0,20191208.0,2204.0,1.3341,80.0002,4569,4171.5,1.3928,1.3928,2.0,34.7176,2.0,34.7171,2.0,173.7,2.0,174.0,2.0,136.46,4.0,34.12,2.0,0.01,2.0,2.34,2.0,0.05,2.0,0.016,2.0,0.006,2.0,0.002,2.0,0.019,2.0,2313.7,6.0,2419.9,2.0,,9.0,,9.0,,9.0,,9.0,0.0,2.0,0.0,2.0,1.518,1.0,,9.0,,9.0,,9.0,-0.001,2.0,99.939,2.0,1.3928,2.0,,,,,['I08N'],2019-12-05,2019-12-27,Akiko
292,19.0,1.0,7.0,,  I08N,1207.0,2.0,20191208.0,2204.0,1.3341,80.0002,4569,4419.4,1.4062,1.4062,2.0,34.7172,2.0,34.717,2.0,175.8,2.0,175.9,2.0,135.41,4.0,33.85,2.0,0.01,2.0,2.33,2.0,0.03,2.0,0.019,2.0,0.007,2.0,0.002,2.0,0.001,2.0,2309.6,2.0,2414.7,2.0,,9.0,,9.0,,9.0,,9.0,0.0,2.0,0.0,2.0,1.511,1.0,,9.0,,9.0,,9.0,-0.001,2.0,99.937,2.0,1.4062,2.0,,,,,['I08N'],2019-12-05,2019-12-27,Akiko
293,19.0,1.0,2.0,,  I08N,12046.0,2.0,20191208.0,2204.0,1.3341,80.0002,4569,59.7,28.7564,28.756,2.0,34.7441,2.0,34.7483,2.0,188.7,2.0,188.9,2.0,1.33,2.0,0.08,2.0,0.03,2.0,0.16,2.0,0.15,2.0,,9.0,,9.0,,9.0,,9.0,1970.5,2.0,2280.8,2.0,,9.0,0.49,2.0,,9.0,,9.0,0.0,2.0,0.0,2.0,1.342,1.0,,9.0,,9.0,,9.0,0.446,2.0,97.985,2.0,28.756,2.0,,,,,['I08N'],2019-12-05,2019-12-27,Akiko
294,19.0,1.0,1.0,,  I08N,1201.0,2.0,20191208.0,2204.0,1.3341,80.0002,4569,4624.6,1.4223,1.4222,2.0,34.7169,2.0,34.7176,2.0,176.6,2.0,176.7,2.0,135.49,2.0,33.91,2.0,0.01,2.0,2.32,2.0,0.01,2.0,0.019,2.0,0.006,2.0,0.002,2.0,0.012,2.0,2309.5,2.0,2415.9,2.0,,9.0,,9.0,,9.0,,9.0,0.0,2.0,0.0,2.0,1.505,1.0,,9.0,,9.0,,9.0,0.0,2.0,99.918,2.0,1.4222,2.0,,,,,['I08N'],2019-12-05,2019-12-27,Akiko
295,20.0,1.0,36.0,,  I08N,1236.0,2.0,20191209.0,334.0,1.0007,79.9984,4625,10.8,29.1724,29.1718,2.0,33.6892,2.0,,9.0,197.3,2.0,,9.0,,9.0,,9.0,,9.0,,9.0,,9.0,,9.0,,9.0,,9.0,,9.0,,9.0,,9.0,,9.0,,9.0,,9.0,,9.0,97.709,2.0,97.709,2.0,1.158,1.0,,9.0,,9.0,,9.0,0.114,2.0,98.183,2.0,29.1718,2.0,,,,,['I08N'],2019-12-05,2019-12-27,Akiko
296,20.0,1.0,35.0,,  I08N,1235.0,2.0,20191209.0,334.0,1.0007,79.9984,4625,10.5,29.1654,29.1643,2.0,33.7143,2.0,,9.0,197.3,2.0,,9.0,,9.0,,9.0,,9.0,,9.0,,9.0,,9.0,,9.0,,9.0,,9.0,,9.0,,9.0,,9.0,,9.0,,9.0,,9.0,98.774,2.0,98.774,2.0,1.179,1.0,,9.0,,9.0,,9.0,0.122,2.0,98.158,2.0,29.1643,2.0,,,,,['I08N'],2019-12-05,2019-12-27,Akiko
297,20.0,1.0,34.0,,  I08N,1234.0,2.0,20191209.0,334.0,1.0007,79.9984,4625,10.4,29.1666,29.1649,2.0,33.7012,2.0,,9.0,197.3,2.0,,9.0,,9.0,,9.0,,9.0,,9.0,,9.0,,9.0,,9.0,,9.0,,9.0,,9.0,,9.0,,9.0,,9.0,,9.0,,9.0,96.057,2.0,96.057,2.0,1.165,1.0,,9.0,,9.0,,9.0,0.118,2.0,98.175,2.0,29.1649,2.0,,,,,['I08N'],2019-12-05,2019-12-27,Akiko
298,20.0,1.0,33.0,,  I08N,1233.0,2.0,20191209.0,334.0,1.0007,79.9984,4625,10.1,29.1666,29.1652,2.0,33.6941,2.0,,9.0,197.2,2.0,,9.0,,9.0,,9.0,,9.0,,9.0,,9.0,,9.0,,9.0,,9.0,,9.0,,9.0,,9.0,,9.0,,9.0,,9.0,,9.0,93.254,2.0,93.254,2.0,1.156,1.0,,9.0,,9.0,,9.0,0.114,2.0,98.211,2.0,29.1652,2.0,,,,,['I08N'],2019-12-05,2019-12-27,Akiko
299,20.0,1.0,32.0,,  I08N,1232.0,2.0,20191209.0,334.0,1.0007,79.9984,4625,49.2,28.2608,28.2608,2.0,35.0853,2.0,,9.0,181.0,2.0,,9.0,,9.0,,9.0,,9.0,,9.0,,9.0,,9.0,,9.0,,9.0,,9.0,,9.0,,9.0,,9.0,,9.0,,9.0,,9.0,4.706,2.0,4.706,2.0,1.332,1.0,,9.0,,9.0,,9.0,0.536,2.0,97.872,2.0,28.2608,2.0,,,,,['I08N'],2019-12-05,2019-12-27,Akiko
300,20.0,1.0,31.0,,  I08N,1231.0,2.0,20191209.0,334.0,1.0007,79.9984,4625,49.3,28.2659,28.2658,2.0,35.0834,2.0,,9.0,180.9,2.0,,9.0,,9.0,,9.0,,9.0,,9.0,,9.0,,9.0,,9.0,,9.0,,9.0,,9.0,,9.0,,9.0,,9.0,,9.0,,9.0,4.519,2.0,4.519,2.0,1.353,1.0,,9.0,,9.0,,9.0,0.541,2.0,97.876,2.0,28.2658,2.0,,,,,['I08N'],2019-12-05,2019-12-27,Akiko
301,20.0,1.0,30.0,,  I08N,1230.0,2.0,20191209.0,334.0,1.0007,79.9984,4625,49.0,28.2771,28.2722,2.0,35.0794,2.0,,9.0,181.3,2.0,,9.0,,9.0,,9.0,,9.0,,9.0,,9.0,,9.0,,9.0,,9.0,,9.0,,9.0,,9.0,,9.0,,9.0,,9.0,,9.0,4.572,2.0,4.572,2.0,1.343,1.0,,9.0,,9.0,,9.0,0.501,2.0,97.87,2.0,28.2722,2.0,,,,,['I08N'],2019-12-05,2019-12-27,Akiko
302,20.0,1.0,29.0,,  I08N,1229.0,2.0,20191209.0,334.0,1.0007,79.9984,4625,49.0,28.305,28.2947,2.0,35.0686,2.0,,9.0,181.3,2.0,,9.0,,9.0,,9.0,,9.0,,9.0,,9.0,,9.0,,9.0,,9.0,,9.0,,9.0,,9.0,,9.0,,9.0,,9.0,,9.0,4.523,2.0,4.523,2.0,1.346,1.0,,9.0,,9.0,,9.0,0.541,2.0,97.899,2.0,28.2947,2.0,,,,,['I08N'],2019-12-05,2019-12-27,Akiko
303,20.0,1.0,28.0,,  I08N,1228.0,2.0,20191209.0,334.0,1.0007,79.9984,4625,96.6,21.7428,21.7391,2.0,35.3598,2.0,,9.0,98.9,2.0,,9.0,,9.0,,9.0,,9.0,,9.0,,9.0,,9.0,,9.0,,9.0,,9.0,,9.0,,9.0,,9.0,,9.0,,9.0,,9.0,0.012,2.0,0.012,2.0,1.438,1.0,,9.0,,9.0,,9.0,0.221,2.0,98.956,2.0,21.7391,2.0,,,,,['I08N'],2019-12-05,2019-12-27,Akiko
304,20.0,1.0,27.0,,  I08N,1227.0,2.0,20191209.0,334.0,1.0007,79.9984,4625,97.1,21.7361,21.7341,2.0,35.3595,2.0,,9.0,98.6,2.0,,9.0,,9.0,,9.0,,9.0,,9.0,,9.0,,9.0,,9.0,,9.0,,9.0,,9.0,,9.0,,9.0,,9.0,,9.0,,9.0,0.011,2.0,0.011,2.0,1.448,1.0,,9.0,,9.0,,9.0,0.23,2.0,98.962,2.0,21.7341,2.0,,,,,['I08N'],2019-12-05,2019-12-27,Akiko
305,20.0,1.0,26.0,,  I08N,1226.0,2.0,20191209.0,334.0,1.0007,79.9984,4625,97.9,21.7177,21.7127,2.0,35.3576,2.0,,9.0,97.8,2.0,,9.0,,9.0,,9.0,,9.0,,9.0,,9.0,,9.0,,9.0,,9.0,,9.0,,9.0,,9.0,,9.0,,9.0,,9.0,,9.0,0.009,2.0,0.009,2.0,1.447,1.0,,9.0,,9.0,,9.0,0.221,2.0,98.99,2.0,21.7127,2.0,,,,,['I08N'],2019-12-05,2019-12-27,Akiko
306,20.0,1.0,25.0,,  I08N,1225.0,2.0,20191209.0,334.0,1.0007,79.9984,4625,98.1,21.6836,21.6849,2.0,35.354,2.0,,9.0,95.7,2.0,,9.0,,9.0,,9.0,,9.0,,9.0,,9.0,,9.0,,9.0,,9.0,,9.0,,9.0,,9.0,,9.0,,9.0,,9.0,,9.0,0.012,2.0,0.012,2.0,1.452,1.0,,9.0,,9.0,,9.0,0.224,2.0,99.0,2.0,21.6849,2.0,,,,,['I08N'],2019-12-05,2019-12-27,Akiko
307,20.0,1.0,24.0,,  I08N,1224.0,2.0,20191209.0,334.0,1.0007,79.9984,4625,199.4,13.6269,13.6291,2.0,35.119,2.0,,9.0,63.2,2.0,,9.0,,9.0,,9.0,,9.0,,9.0,,9.0,,9.0,,9.0,,9.0,,9.0,,9.0,,9.0,,9.0,,9.0,,9.0,,9.0,0.0,2.0,0.0,2.0,1.552,1.0,,9.0,,9.0,,9.0,-0.002,2.0,99.308,4.0,13.6291,2.0,,,,,['I08N'],2019-12-05,2019-12-27,Akiko
308,20.0,1.0,23.0,,  I08N,1223.0,2.0,20191209.0,334.0,1.0007,79.9984,4625,199.4,13.6277,13.6307,2.0,35.119,2.0,,9.0,63.2,2.0,,9.0,,9.0,,9.0,,9.0,,9.0,,9.0,,9.0,,9.0,,9.0,,9.0,,9.0,,9.0,,9.0,,9.0,,9.0,,9.0,0.0,2.0,0.0,2.0,1.535,1.0,,9.0,,9.0,,9.0,-0.002,2.0,99.27,4.0,13.6307,2.0,,,,,['I08N'],2019-12-05,2019-12-27,Akiko
309,20.0,1.0,22.0,,  I08N,1222.0,2.0,20191209.0,334.0,1.0007,79.9984,4625,197.8,13.6173,13.6223,2.0,35.119,2.0,,9.0,63.2,2.0,,9.0,,9.0,,9.0,,9.0,,9.0,,9.0,,9.0,,9.0,,9.0,,9.0,,9.0,,9.0,,9.0,,9.0,,9.0,,9.0,0.0,2.0,0.0,2.0,1.549,1.0,,9.0,,9.0,,9.0,-0.002,2.0,99.331,4.0,13.6223,2.0,,,,,['I08N'],2019-12-05,2019-12-27,Akiko
310,20.0,1.0,21.0,,  I08N,1221.0,2.0,20191209.0,334.0,1.0007,79.9984,4625,197.5,13.5972,13.5983,2.0,35.1186,2.0,,9.0,63.3,2.0,,9.0,,9.0,,9.0,,9.0,,9.0,,9.0,,9.0,,9.0,,9.0,,9.0,,9.0,,9.0,,9.0,,9.0,,9.0,,9.0,0.0,2.0,0.0,2.0,1.544,1.0,,9.0,,9.0,,9.0,-0.002,2.0,99.293,4.0,13.5983,2.0,,,,,['I08N'],2019-12-05,2019-12-27,Akiko
311,20.0,1.0,20.0,,  I08N,1220.0,2.0,20191209.0,334.0,1.0007,79.9984,4625,369.6,11.0898,11.0894,2.0,35.0476,2.0,,9.0,65.0,2.0,,9.0,,9.0,,9.0,,9.0,,9.0,,9.0,,9.0,,9.0,,9.0,,9.0,,9.0,,9.0,,9.0,,9.0,,9.0,,9.0,0.0,2.0,0.0,2.0,1.532,1.0,,9.0,,9.0,,9.0,0.005,2.0,99.276,4.0,11.0894,2.0,,,,,['I08N'],2019-12-05,2019-12-27,Akiko
312,20.0,1.0,19.0,,  I08N,1219.0,2.0,20191209.0,334.0,1.0007,79.9984,4625,369.8,11.091,11.0905,2.0,35.0485,2.0,,9.0,64.8,2.0,,9.0,,9.0,,9.0,,9.0,,9.0,,9.0,,9.0,,9.0,,9.0,,9.0,,9.0,,9.0,,9.0,,9.0,,9.0,,9.0,0.0,2.0,0.0,2.0,1.532,1.0,,9.0,,9.0,,9.0,0.005,2.0,99.194,4.0,11.0905,2.0,,,,,['I08N'],2019-12-05,2019-12-27,Akiko
313,20.0,1.0,18.0,,  I08N,1218.0,2.0,20191209.0,334.0,1.0007,79.9984,4625,369.8,11.0908,11.0905,2.0,35.0482,2.0,,9.0,64.9,2.0,,9.0,,9.0,,9.0,,9.0,,9.0,,9.0,,9.0,,9.0,,9.0,,9.0,,9.0,,9.0,,9.0,,9.0,,9.0,,9.0,0.0,2.0,0.0,2.0,1.555,1.0,,9.0,,9.0,,9.0,0.004,2.0,99.303,4.0,11.0905,2.0,,,,,['I08N'],2019-12-05,2019-12-27,Akiko
314,20.0,1.0,17.0,,  I08N,1217.0,2.0,20191209.0,334.0,1.0007,79.9984,4625,369.8,11.0896,11.0892,2.0,35.047,2.0,,9.0,65.0,2.0,,9.0,,9.0,,9.0,,9.0,,9.0,,9.0,,9.0,,9.0,,9.0,,9.0,,9.0,,9.0,,9.0,,9.0,,9.0,,9.0,0.0,2.0,0.0,2.0,1.549,1.0,,9.0,,9.0,,9.0,0.004,2.0,99.291,4.0,11.0892,2.0,,,,,['I08N'],2019-12-05,2019-12-27,Akiko
315,20.0,1.0,16.0,,  I08N,1216.0,2.0,20191209.0,334.0,1.0007,79.9984,4625,569.8,9.5773,9.5771,2.0,35.012,2.0,,9.0,53.5,2.0,,9.0,,9.0,,9.0,,9.0,,9.0,,9.0,,9.0,,9.0,,9.0,,9.0,,9.0,,9.0,,9.0,,9.0,,9.0,,9.0,0.0,2.0,0.0,2.0,1.566,1.0,,9.0,,9.0,,9.0,0.005,2.0,99.459,4.0,9.5771,2.0,,,,,['I08N'],2019-12-05,2019-12-27,Akiko
316,20.0,1.0,15.0,,  I08N,1215.0,2.0,20191209.0,334.0,1.0007,79.9984,4625,569.9,9.5772,9.5767,2.0,35.012,2.0,,9.0,53.2,2.0,,9.0,,9.0,,9.0,,9.0,,9.0,,9.0,,9.0,,9.0,,9.0,,9.0,,9.0,,9.0,,9.0,,9.0,,9.0,,9.0,0.0,2.0,0.0,2.0,1.568,1.0,,9.0,,9.0,,9.0,0.005,2.0,99.43,4.0,9.5767,2.0,,,,,['I08N'],2019-12-05,2019-12-27,Akiko
317,20.0,1.0,14.0,,  I08N,1214.0,2.0,20191209.0,334.0,1.0007,79.9984,4625,569.9,9.5774,9.5772,2.0,35.0127,2.0,,9.0,53.0,2.0,,9.0,,9.0,,9.0,,9.0,,9.0,,9.0,,9.0,,9.0,,9.0,,9.0,,9.0,,9.0,,9.0,,9.0,,9.0,,9.0,0.0,2.0,0.0,2.0,1.56,1.0,,9.0,,9.0,,9.0,0.005,2.0,99.457,4.0,9.5772,2.0,,,,,['I08N'],2019-12-05,2019-12-27,Akiko
318,20.0,1.0,13.0,,  I08N,1213.0,2.0,20191209.0,334.0,1.0007,79.9984,4625,569.9,9.5772,9.5772,2.0,35.0119,2.0,,9.0,53.3,2.0,,9.0,,9.0,,9.0,,9.0,,9.0,,9.0,,9.0,,9.0,,9.0,,9.0,,9.0,,9.0,,9.0,,9.0,,9.0,,9.0,0.0,2.0,0.0,2.0,1.571,1.0,,9.0,,9.0,,9.0,0.004,2.0,99.438,4.0,9.5772,2.0,,,,,['I08N'],2019-12-05,2019-12-27,Akiko
319,20.0,1.0,12.0,,  I08N,1212.0,2.0,20191209.0,334.0,1.0007,79.9984,4625,771.4,8.2087,8.2083,2.0,35.0018,2.0,,9.0,42.7,2.0,,9.0,,9.0,,9.0,,9.0,,9.0,,9.0,,9.0,,9.0,,9.0,,9.0,,9.0,,9.0,,9.0,,9.0,,9.0,,9.0,0.0,2.0,0.0,2.0,1.625,1.0,,9.0,,9.0,,9.0,0.004,2.0,99.44,4.0,8.2083,2.0,,,,,['I08N'],2019-12-05,2019-12-27,Akiko
320,20.0,1.0,11.0,,  I08N,1211.0,2.0,20191209.0,334.0,1.0007,79.9984,4625,771.5,8.2083,8.2082,2.0,35.0017,2.0,,9.0,42.6,2.0,,9.0,,9.0,,9.0,,9.0,,9.0,,9.0,,9.0,,9.0,,9.0,,9.0,,9.0,,9.0,,9.0,,9.0,,9.0,,9.0,0.0,2.0,0.0,2.0,1.638,1.0,,9.0,,9.0,,9.0,0.003,2.0,99.468,4.0,8.2082,2.0,,,,,['I08N'],2019-12-05,2019-12-27,Akiko
321,20.0,1.0,10.0,,  I08N,1210.0,2.0,20191209.0,334.0,1.0007,79.9984,4625,770.9,8.2087,8.2084,2.0,35.0018,2.0,,9.0,42.6,2.0,,9.0,,9.0,,9.0,,9.0,,9.0,,9.0,,9.0,,9.0,,9.0,,9.0,,9.0,,9.0,,9.0,,9.0,,9.0,,9.0,0.0,2.0,0.0,2.0,1.638,1.0,,9.0,,9.0,,9.0,0.003,2.0,99.4,4.0,8.2084,2.0,,,,,['I08N'],2019-12-05,2019-12-27,Akiko
322,20.0,1.0,9.0,,  I08N,1209.0,2.0,20191209.0,334.0,1.0007,79.9984,4625,770.8,8.2091,8.2087,2.0,35.0017,2.0,,9.0,42.6,2.0,,9.0,,9.0,,9.0,,9.0,,9.0,,9.0,,9.0,,9.0,,9.0,,9.0,,9.0,,9.0,,9.0,,9.0,,9.0,,9.0,0.0,2.0,0.0,2.0,1.627,1.0,,9.0,,9.0,,9.0,0.003,2.0,99.459,4.0,8.2087,2.0,,,,,['I08N'],2019-12-05,2019-12-27,Akiko
323,20.0,1.0,8.0,,  I08N,1208.0,2.0,20191209.0,334.0,1.0007,79.9984,4625,970.3,6.9295,6.9291,2.0,34.959,2.0,,9.0,48.6,2.0,,9.0,,9.0,,9.0,,9.0,,9.0,,9.0,,9.0,,9.0,,9.0,,9.0,,9.0,,9.0,,9.0,,9.0,,9.0,,9.0,0.0,2.0,0.0,2.0,1.652,1.0,,9.0,,9.0,,9.0,0.003,2.0,99.417,4.0,6.9291,2.0,,,,,['I08N'],2019-12-05,2019-12-27,Akiko
324,20.0,1.0,7.0,,  I08N,1207.0,2.0,20191209.0,334.0,1.0007,79.9984,4625,970.5,6.9293,6.929,2.0,34.9591,2.0,,9.0,48.6,2.0,,9.0,,9.0,,9.0,,9.0,,9.0,,9.0,,9.0,,9.0,,9.0,,9.0,,9.0,,9.0,,9.0,,9.0,,9.0,,9.0,0.0,2.0,0.0,2.0,1.656,1.0,,9.0,,9.0,,9.0,0.003,2.0,99.497,4.0,6.929,2.0,,,,,['I08N'],2019-12-05,2019-12-27,Akiko
325,20.0,1.0,6.0,,  I08N,1206.0,2.0,20191209.0,334.0,1.0007,79.9984,4625,970.9,6.9291,6.9288,2.0,34.9591,2.0,,9.0,48.6,2.0,,9.0,,9.0,,9.0,,9.0,,9.0,,9.0,,9.0,,9.0,,9.0,,9.0,,9.0,,9.0,,9.0,,9.0,,9.0,,9.0,0.0,2.0,0.0,2.0,1.657,1.0,,9.0,,9.0,,9.0,0.003,2.0,99.423,4.0,6.9288,2.0,,,,,['I08N'],2019-12-05,2019-12-27,Akiko
326,20.0,1.0,5.0,,  I08N,1205.0,2.0,20191209.0,334.0,1.0007,79.9984,4625,970.7,6.9293,6.929,2.0,34.9591,2.0,,9.0,48.6,2.0,,9.0,,9.0,,9.0,,9.0,,9.0,,9.0,,9.0,,9.0,,9.0,,9.0,,9.0,,9.0,,9.0,,9.0,,9.0,,9.0,0.0,2.0,0.0,2.0,1.673,1.0,,9.0,,9.0,,9.0,0.002,2.0,99.478,4.0,6.929,2.0,,,,,['I08N'],2019-12-05,2019-12-27,Akiko
327,22.0,1.0,36.0,,  I08N,1236.0,2.0,20191209.0,1159.0,0.5026,80.002,4651,9.9,29.1859,29.1843,2.0,33.9211,2.0,33.9204,2.0,198.0,2.0,197.1,2.0,1.33,2.0,0.01,2.0,0.01,2.0,0.1,2.0,0.05,2.0,1.408,2.0,0.918,2.0,0.113,2.0,1.896,2.0,1920.4,2.0,2231.3,2.0,71.6,2.0,0.13,2.0,38.9,2.0,271.9,2.0,0.0,2.0,0.0,2.0,1.199,1.0,0.233,2.0,0.111,2.0,0.007,2.0,0.15,2.0,97.823,2.0,29.1843,2.0,,,,,['I08N'],2019-12-05,2019-12-27,Akiko
328,22.0,1.0,35.0,,  I08N,1235.0,2.0,20191209.0,1159.0,0.5026,80.002,4651,50.2,28.3142,28.315,2.0,34.9732,2.0,34.9717,2.0,187.8,2.0,187.2,2.0,1.77,2.0,0.51,2.0,0.09,2.0,0.22,2.0,0.13,2.0,1.442,2.0,0.933,2.0,0.102,2.0,1.868,2.0,1984.7,2.0,2293.2,2.0,60.7,2.0,0.46,2.0,67.4,2.0,296.5,2.0,0.0,2.0,0.0,2.0,1.315,1.0,0.3,2.0,0.155,2.0,0.014,2.0,0.6,2.0,97.724,2.0,28.315,2.0,,,,,['I08N'],2019-12-05,2019-12-27,Akiko
329,22.0,1.0,34.0,,  I08N,1234.0,2.0,20191209.0,1159.0,0.5026,80.002,4651,100.2,20.1696,20.1683,2.0,35.2842,2.0,35.2834,2.0,107.4,2.0,106.9,2.0,10.15,2.0,15.1,2.0,0.04,2.0,1.1,2.0,0.07,2.0,1.775,2.0,1.102,2.0,0.044,2.0,1.631,2.0,2130.7,2.0,2312.0,2.0,57.9,2.0,0.11,2.0,0.0,2.0,395.7,2.0,0.0,2.0,0.0,2.0,1.413,1.0,0.292,2.0,0.163,2.0,0.018,2.0,0.159,2.0,99.445,2.0,20.1683,2.0,,,,,['I08N'],2019-12-05,2019-12-27,Akiko
330,22.0,1.0,33.0,,  I08N,1233.0,2.0,20191209.0,1159.0,0.5026,80.002,4651,151.3,15.6297,15.6177,2.0,35.1567,2.0,35.1536,2.0,54.5,2.0,52.8,2.0,19.43,2.0,25.15,2.0,0.01,2.0,1.78,2.0,0.07,2.0,1.642,2.0,0.972,2.0,0.013,2.0,0.958,2.0,2206.8,2.0,2312.6,2.0,57.3,2.0,0.02,2.0,50.2,2.0,422.6,2.0,0.0,2.0,0.0,2.0,1.547,1.0,0.344,2.0,0.206,2.0,0.033,2.0,0.005,2.0,99.634,2.0,15.6177,2.0,,,,,['I08N'],2019-12-05,2019-12-27,Akiko
331,22.0,1.0,32.0,,  I08N,1232.0,2.0,20191209.0,1159.0,0.5026,80.002,4651,198.4,13.9672,13.9287,2.0,35.1189,2.0,35.1196,2.0,59.7,2.0,59.7,2.0,20.86,2.0,26.33,2.0,0.01,2.0,1.83,2.0,0.07,2.0,1.734,2.0,0.99,2.0,0.016,2.0,0.637,2.0,2217.9,2.0,2314.2,2.0,53.7,2.0,0.01,2.0,53.1,2.0,444.7,2.0,0.0,2.0,0.0,2.0,1.544,1.0,0.335,2.0,0.2,2.0,0.033,2.0,-0.001,2.0,99.617,2.0,13.9287,2.0,,,,,['I08N'],2019-12-05,2019-12-27,Akiko
332,22.0,1.0,31.0,,  I08N,1231.0,2.0,20191209.0,1159.0,0.5026,80.002,4651,250.1,12.6523,12.652,2.0,35.0983,2.0,35.0994,2.0,79.0,2.0,78.4,2.0,20.64,2.0,25.8,2.0,0.01,2.0,1.78,2.0,0.07,2.0,1.844,2.0,1.05,2.0,0.017,2.0,0.735,2.0,2213.5,2.0,2308.6,2.0,50.1,2.0,0.01,2.0,37.6,2.0,426.6,2.0,0.0,2.0,0.0,2.0,1.514,1.0,,9.0,,9.0,,9.0,0.0,2.0,99.607,2.0,12.652,2.0,,,,,['I08N'],2019-12-05,2019-12-27,Akiko
333,22.0,1.0,30.0,,  I08N,1230.0,2.0,20191209.0,1159.0,0.5026,80.002,4651,298.0,12.2698,12.2699,2.0,35.0843,2.0,35.082,2.0,78.6,2.0,79.3,2.0,21.58,2.0,26.28,2.0,0.01,2.0,1.8,2.0,0.05,2.0,1.821,2.0,1.029,2.0,0.016,2.0,0.606,2.0,2217.3,2.0,2309.9,2.0,50.4,2.0,,9.0,18.9,2.0,437.3,2.0,0.0,2.0,0.0,2.0,1.5,1.0,0.339,2.0,0.201,2.0,0.036,2.0,0.002,2.0,99.615,2.0,12.2699,2.0,,,,,['I08N'],2019-12-05,2019-12-27,Akiko
334,22.0,1.0,29.0,,  I08N,1229.0,2.0,20191209.0,1159.0,0.5026,80.002,4651,401.5,11.0789,11.0784,2.0,35.0357,2.0,35.0368,2.0,66.9,2.0,66.3,2.0,27.26,2.0,29.57,2.0,0.01,2.0,2.02,2.0,0.05,2.0,1.452,2.0,0.8,2.0,0.016,2.0,0.419,2.0,2233.4,2.0,2310.3,2.0,48.9,2.0,,9.0,54.8,2.0,452.5,2.0,0.0,2.0,0.0,2.0,1.537,1.0,0.341,2.0,0.212,2.0,0.042,2.0,0.004,2.0,99.634,4.0,11.0784,2.0,,,,,['I08N'],2019-12-05,2019-12-27,Akiko
335,22.0,1.0,28.0,,  I08N,1228.0,2.0,20191209.0,1159.0,0.5026,80.002,4651,503.0,10.3253,10.325,2.0,35.0353,2.0,35.0429,2.0,64.2,2.0,66.7,2.0,31.1,2.0,30.17,2.0,0.01,2.0,2.1,2.0,0.05,2.0,1.295,2.0,0.709,2.0,0.017,2.0,0.338,2.0,2240.2,2.0,2316.0,2.0,45.7,2.0,,9.0,78.3,2.0,411.1,2.0,0.0,2.0,0.0,2.0,1.538,1.0,0.315,2.0,0.185,2.0,0.034,2.0,0.005,2.0,99.727,4.0,10.325,2.0,,,,,['I08N'],2019-12-05,2019-12-27,Akiko
336,22.0,1.0,27.0,,  I08N,1227.0,2.0,20191209.0,1159.0,0.5026,80.002,4651,600.9,9.3959,9.3957,2.0,35.0385,2.0,35.0387,2.0,45.2,2.0,44.8,2.0,47.46,2.0,34.27,2.0,0.01,2.0,2.46,2.0,0.05,2.0,0.565,2.0,0.307,2.0,0.009,2.0,0.104,2.0,2270.1,2.0,2328.6,2.0,46.5,2.0,,9.0,67.8,2.0,460.5,2.0,0.0,2.0,0.0,2.0,1.592,1.0,0.371,2.0,0.229,2.0,0.048,2.0,0.005,2.0,99.777,4.0,9.3957,2.0,,,,,['I08N'],2019-12-05,2019-12-27,Akiko
337,22.0,1.0,26.0,,  I08N,1226.0,2.0,20191209.0,1159.0,0.5026,80.002,4651,699.5,8.7496,8.749,2.0,35.0278,2.0,35.0268,2.0,40.2,2.0,39.4,2.0,57.17,2.0,35.53,2.0,0.01,2.0,2.57,2.0,0.05,2.0,0.306,2.0,0.168,2.0,0.002,2.0,0.065,2.0,2283.4,6.0,2341.0,2.0,43.3,2.0,,9.0,67.0,2.0,469.8,2.0,0.0,2.0,0.0,2.0,1.62,1.0,,9.0,,9.0,,9.0,0.004,2.0,99.765,4.0,8.749,2.0,,,,,['I08N'],2019-12-05,2019-12-27,Akiko
338,22.0,1.0,25.0,,  I08N,1225.0,2.0,20191209.0,1159.0,0.5026,80.002,4651,800.5,8.1112,8.1113,2.0,34.9974,2.0,34.9979,2.0,42.0,2.0,41.6,2.0,64.56,2.0,36.31,2.0,0.01,2.0,2.64,2.0,0.06,2.0,0.18,2.0,0.099,2.0,0.001,2.0,0.019,2.0,2292.1,2.0,2348.7,2.0,43.5,2.0,,9.0,38.0,2.0,450.3,2.0,0.0,2.0,0.0,2.0,1.635,1.0,0.36,2.0,0.214,2.0,0.047,2.0,0.002,2.0,99.803,4.0,8.1113,2.0,,,,,['I08N'],2019-12-05,2019-12-27,Akiko
339,22.0,1.0,24.0,,  I08N,1224.0,2.0,20191209.0,1159.0,0.5026,80.002,4651,901.9,7.5394,7.5382,2.0,34.9854,2.0,34.9859,2.0,43.0,2.0,42.8,2.0,72.63,2.0,36.87,2.0,0.01,2.0,2.7,2.0,0.08,2.0,0.112,2.0,0.06,2.0,0.003,2.0,0.004,2.0,2304.6,2.0,2356.0,2.0,45.2,2.0,,9.0,17.9,2.0,453.8,2.0,0.0,2.0,0.0,2.0,1.646,1.0,,9.0,,9.0,,9.0,0.003,2.0,99.834,4.0,7.5382,2.0,,,,,['I08N'],2019-12-05,2019-12-27,Akiko
340,22.0,1.0,23.0,,  I08N,1223.0,2.0,20191209.0,1159.0,0.5026,80.002,4651,998.2,6.8127,6.8141,2.0,34.9461,2.0,34.9475,2.0,51.7,2.0,51.3,2.0,79.82,2.0,37.06,2.0,0.01,2.0,2.72,2.0,0.09,2.0,0.072,2.0,0.038,2.0,0.002,2.0,0.003,2.0,2308.7,2.0,2360.8,2.0,44.1,2.0,,9.0,31.8,2.0,442.3,2.0,0.0,2.0,0.0,2.0,1.643,1.0,0.38,2.0,0.23,2.0,0.052,2.0,0.002,2.0,99.838,4.0,6.8141,2.0,,,,,['I08N'],2019-12-05,2019-12-27,Akiko
341,22.0,1.0,22.0,,  I08N,1222.0,2.0,20191209.0,1159.0,0.5026,80.002,4651,1200.0,5.8084,5.8112,2.0,34.8975,2.0,34.8951,2.0,64.2,2.0,64.6,2.0,91.58,2.0,37.31,2.0,0.01,2.0,2.72,2.0,0.09,2.0,0.036,2.0,0.017,2.0,0.003,2.0,0.001,2.0,2314.8,2.0,2373.0,6.0,34.9,2.0,,9.0,32.4,2.0,457.5,2.0,0.0,2.0,0.0,2.0,1.654,1.0,,9.0,,9.0,,9.0,0.002,2.0,99.868,4.0,5.8112,2.0,,,,,['I08N'],2019-12-05,2019-12-27,Akiko
342,22.0,1.0,21.0,,  I08N,1221.0,2.0,20191209.0,1159.0,0.5026,80.002,4651,1398.0,4.9642,4.9639,2.0,34.8607,2.0,34.8603,2.0,77.9,2.0,78.0,2.0,99.48,2.0,37.12,2.0,0.01,2.0,2.71,2.0,0.07,2.0,0.021,2.0,0.009,2.0,0.0,2.0,0.001,2.0,2316.3,2.0,2381.3,2.0,41.4,2.0,,9.0,24.6,2.0,471.9,2.0,0.0,2.0,0.0,2.0,1.635,1.0,0.345,2.0,0.201,2.0,0.039,2.0,0.002,2.0,99.889,4.0,4.9639,2.0,,,,,['I08N'],2019-12-05,2019-12-27,Akiko
343,22.0,1.0,20.0,,  I08N,1220.0,2.0,20191209.0,1159.0,0.5026,80.002,4651,1599.6,4.127,4.1278,2.0,34.8342,2.0,34.8329,2.0,94.3,2.0,94.3,2.0,107.97,2.0,36.78,2.0,0.01,2.0,2.66,2.0,0.07,2.0,0.02,2.0,0.008,2.0,0.001,2.0,0.003,2.0,2321.4,2.0,2386.4,2.0,31.3,4.0,,9.0,51.4,2.0,475.7,2.0,0.0,2.0,0.0,2.0,1.632,1.0,,9.0,,9.0,,9.0,0.001,2.0,99.889,4.0,4.1278,2.0,,,,,['I08N'],2019-12-05,2019-12-27,Akiko
344,22.0,1.0,19.0,,  I08N,1219.0,2.0,20191209.0,1159.0,0.5026,80.002,4651,1799.3,3.1207,3.12,2.0,34.7892,2.0,34.7894,2.0,118.4,2.0,117.8,2.0,117.19,2.0,36.12,2.0,0.01,2.0,2.59,2.0,0.05,2.0,0.185,4.0,0.373,4.0,0.054,4.0,7.898,4.0,2319.2,2.0,2397.1,2.0,32.7,2.0,,9.0,,9.0,,9.0,0.0,2.0,0.0,2.0,1.612,1.0,0.321,2.0,0.186,2.0,0.028,2.0,0.0,2.0,99.908,4.0,3.12,2.0,,,,,['I08N'],2019-12-05,2019-12-27,Akiko
345,22.0,1.0,18.0,,  I08N,1218.0,2.0,20191209.0,1159.0,0.5026,80.002,4651,1998.0,2.7863,2.7862,2.0,34.7764,2.0,34.7769,2.0,127.1,2.0,126.6,2.0,121.04,2.0,35.84,2.0,0.0,2.0,2.55,2.0,0.06,2.0,0.02,2.0,0.007,2.0,0.004,2.0,0.006,2.0,2318.5,2.0,2400.1,2.0,35.1,2.0,,9.0,,9.0,,9.0,0.0,2.0,0.0,2.0,1.593,1.0,,9.0,,9.0,,9.0,0.001,2.0,99.895,4.0,2.7862,2.0,,,,,['I08N'],2019-12-05,2019-12-27,Akiko
346,22.0,1.0,17.0,,  I08N,1217.0,2.0,20191209.0,1159.0,0.5026,80.002,4651,2200.5,2.4254,2.4252,2.0,34.761,2.0,34.7616,2.0,136.6,2.0,136.7,2.0,125.33,2.0,35.53,2.0,0.0,2.0,2.52,2.0,0.05,2.0,0.015,2.0,0.005,2.0,0.003,2.0,0.005,2.0,2319.7,2.0,2403.6,2.0,33.9,2.0,,9.0,,9.0,,9.0,0.0,2.0,0.0,2.0,1.587,1.0,0.322,2.0,0.184,2.0,0.031,2.0,0.0,2.0,99.9,4.0,2.4252,2.0,,,,,['I08N'],2019-12-05,2019-12-27,Akiko
347,22.0,1.0,16.0,,  I08N,1216.0,2.0,20191209.0,1159.0,0.5026,80.002,4651,2399.9,2.1705,2.1704,2.0,34.7502,2.0,34.7499,2.0,144.9,2.0,144.5,2.0,127.43,2.0,35.14,2.0,0.01,2.0,2.48,2.0,0.06,2.0,0.019,2.0,0.005,2.0,0.003,2.0,0.005,2.0,2316.9,6.0,2403.2,2.0,36.3,2.0,,9.0,,9.0,,9.0,0.0,2.0,0.0,2.0,1.578,1.0,,9.0,,9.0,,9.0,-0.001,2.0,99.935,4.0,2.1704,2.0,,,,,['I08N'],2019-12-05,2019-12-27,Akiko
348,22.0,1.0,15.0,,  I08N,1215.0,2.0,20191209.0,1159.0,0.5026,80.002,4651,2602.6,1.9676,1.9674,2.0,34.7416,2.0,34.7414,2.0,151.3,2.0,151.0,2.0,128.82,2.0,34.74,2.0,0.01,2.0,2.44,2.0,0.08,2.0,0.016,2.0,0.007,2.0,0.002,2.0,0.009,2.0,2316.1,2.0,2404.9,2.0,34.5,2.0,,9.0,,9.0,,9.0,0.0,2.0,0.0,2.0,1.55,1.0,0.326,2.0,0.188,2.0,0.033,2.0,0.0,2.0,99.937,4.0,1.9674,2.0,,,,,['I08N'],2019-12-05,2019-12-27,Akiko
349,22.0,1.0,14.0,,  I08N,1214.0,2.0,20191209.0,1159.0,0.5026,80.002,4651,2799.4,1.8043,1.8041,2.0,34.7347,2.0,34.7356,2.0,156.6,2.0,156.4,2.0,130.77,2.0,34.64,2.0,0.01,2.0,2.42,2.0,0.06,2.0,0.018,2.0,0.007,2.0,0.002,2.0,0.01,2.0,2317.9,2.0,2406.5,2.0,33.0,2.0,,9.0,,9.0,,9.0,0.0,2.0,0.0,2.0,1.551,1.0,,9.0,,9.0,,9.0,0.0,2.0,99.942,4.0,1.8041,2.0,,,,,['I08N'],2019-12-05,2019-12-27,Akiko
350,22.0,1.0,13.0,,  I08N,1213.0,2.0,20191209.0,1159.0,0.5026,80.002,4651,2999.8,1.7228,1.7238,2.0,34.7316,2.0,34.7321,2.0,157.8,2.0,157.4,2.0,133.4,2.0,34.66,2.0,0.01,2.0,2.42,2.0,0.07,2.0,0.016,2.0,0.006,2.0,0.003,2.0,0.003,2.0,2319.9,2.0,2408.5,2.0,31.9,2.0,,9.0,,9.0,,9.0,0.0,2.0,0.0,2.0,1.553,1.0,0.345,2.0,0.207,2.0,0.038,2.0,0.0,2.0,99.931,4.0,1.7238,2.0,,,,,['I08N'],2019-12-05,2019-12-27,Akiko
351,22.0,1.0,12.0,,  I08N,1212.0,2.0,20191209.0,1159.0,0.5026,80.002,4651,3249.7,1.5924,1.5926,2.0,34.7268,2.0,34.7263,2.0,161.8,2.0,161.5,2.0,135.6,2.0,34.59,2.0,0.01,2.0,2.41,2.0,0.08,2.0,0.02,2.0,0.008,2.0,0.003,2.0,0.014,2.0,2318.1,2.0,2413.0,6.0,33.0,2.0,,9.0,,9.0,,9.0,0.0,2.0,0.0,2.0,1.546,1.0,,9.0,,9.0,,9.0,0.0,2.0,99.948,4.0,1.5926,2.0,,,,,['I08N'],2019-12-05,2019-12-27,Akiko
352,22.0,1.0,11.0,,  I08N,1211.0,2.0,20191209.0,1159.0,0.5026,80.002,4651,3498.4,1.4568,1.4568,2.0,34.7217,2.0,34.7211,2.0,165.5,2.0,165.1,2.0,138.42,2.0,34.5,2.0,0.01,2.0,2.4,2.0,0.07,2.0,0.022,2.0,0.008,2.0,0.002,2.0,0.025,2.0,2321.5,2.0,2418.6,2.0,33.9,2.0,,9.0,,9.0,,9.0,0.0,2.0,0.0,2.0,1.539,1.0,0.313,2.0,0.176,2.0,0.028,2.0,0.0,2.0,99.958,4.0,1.4568,2.0,,,,,['I08N'],2019-12-05,2019-12-27,Akiko
353,22.0,1.0,10.0,,  I08N,1210.0,2.0,20191209.0,1159.0,0.5026,80.002,4651,3749.4,1.3707,1.3707,2.0,34.7185,2.0,34.7186,2.0,170.9,2.0,170.7,2.0,138.39,2.0,34.39,2.0,0.0,2.0,2.38,2.0,0.07,2.0,0.018,2.0,0.006,2.0,0.003,2.0,0.01,2.0,2319.5,2.0,2418.2,2.0,34.4,2.0,,9.0,,9.0,,9.0,0.0,2.0,0.0,2.0,1.528,1.0,,9.0,,9.0,,9.0,-0.001,2.0,99.961,4.0,1.3707,2.0,,,,,['I08N'],2019-12-05,2019-12-27,Akiko
354,22.0,1.0,9.0,,  I08N,1209.0,2.0,20191209.0,1159.0,0.5026,80.002,4651,4000.7,1.368,1.368,2.0,34.7176,2.0,34.7177,2.0,174.8,2.0,174.4,2.0,136.24,2.0,34.06,2.0,0.01,2.0,2.35,2.0,0.06,2.0,0.017,2.0,0.006,2.0,0.004,2.0,0.004,2.0,2313.8,2.0,2421.7,2.0,35.8,2.0,,9.0,,9.0,,9.0,0.0,2.0,0.0,2.0,1.502,1.0,0.288,2.0,0.156,2.0,0.026,2.0,-0.001,2.0,99.969,4.0,1.368,2.0,,,,,['I08N'],2019-12-05,2019-12-27,Akiko
355,22.0,1.0,8.0,,  I08N,1208.0,2.0,20191209.0,1159.0,0.5026,80.002,4651,4249.4,1.3852,1.3851,2.0,34.7172,2.0,34.7172,2.0,176.2,2.0,176.0,2.0,135.69,2.0,33.95,2.0,0.01,2.0,2.34,2.0,0.05,2.0,0.017,2.0,0.007,2.0,0.003,2.0,0.016,2.0,2314.0,6.0,2418.5,2.0,33.7,2.0,,9.0,,9.0,,9.0,0.0,2.0,0.0,2.0,1.487,1.0,,9.0,,9.0,,9.0,0.0,2.0,99.988,4.0,1.3851,2.0,,,,,['I08N'],2019-12-05,2019-12-27,Akiko
356,22.0,1.0,7.0,,  I08N,1207.0,2.0,20191209.0,1159.0,0.5026,80.002,4651,4501.6,1.411,1.411,2.0,34.7172,2.0,34.7178,2.0,176.4,2.0,176.2,2.0,135.87,2.0,33.96,2.0,0.01,2.0,2.34,2.0,0.04,2.0,0.023,2.0,0.009,2.0,0.007,2.0,0.015,2.0,2308.5,2.0,2415.1,2.0,37.9,2.0,,9.0,,9.0,,9.0,0.0,2.0,0.0,2.0,1.507,1.0,0.316,2.0,0.172,2.0,0.033,2.0,-0.001,2.0,99.98,4.0,1.411,2.0,,,,,['I08N'],2019-12-05,2019-12-27,Akiko
357,22.0,1.0,2.0,,  I08N,12046.0,2.0,20191209.0,1159.0,0.5026,80.002,4651,59.4,27.5726,27.5737,2.0,35.0907,2.0,35.0978,2.0,180.8,2.0,180.8,2.0,2.44,2.0,1.12,2.0,0.21,2.0,0.28,2.0,0.27,2.0,,9.0,,9.0,,9.0,,9.0,2006.4,2.0,2297.6,2.0,62.7,2.0,0.56,2.0,56.6,2.0,295.9,2.0,0.0,2.0,0.0,2.0,1.365,1.0,0.356,2.0,0.206,2.0,0.037,2.0,0.596,2.0,97.87,2.0,27.5737,2.0,,,,,['I08N'],2019-12-05,2019-12-27,Akiko
358,22.0,1.0,1.0,,  I08N,1201.0,2.0,20191209.0,1159.0,0.5026,80.002,4651,4708.1,1.4288,1.4287,2.0,34.717,2.0,34.7178,2.0,177.0,2.0,177.0,2.0,135.53,2.0,33.98,2.0,0.01,2.0,2.34,2.0,0.02,2.0,0.018,2.0,0.007,2.0,0.002,2.0,0.013,2.0,2312.5,2.0,2413.5,2.0,37.1,2.0,,9.0,,9.0,,9.0,0.0,2.0,0.0,2.0,1.496,1.0,0.316,2.0,0.18,2.0,0.034,2.0,-0.001,2.0,99.923,4.0,1.4287,2.0,,,,,['I08N'],2019-12-05,2019-12-27,Akiko
359,25.0,1.0,36.0,,  I08N,1236.0,2.0,20191210.0,221.0,-0.2511,80.0055,4683,10.1,28.7441,28.7417,2.0,34.5586,2.0,34.5581,2.0,196.2,2.0,195.4,2.0,0.99,2.0,0.2,2.0,0.01,2.0,0.15,2.0,0.09,2.0,1.341,2.0,0.866,2.0,0.108,2.0,1.495,2.0,1956.1,2.0,2268.7,2.0,80.1,2.0,0.21,2.0,22.7,2.0,290.3,2.0,671.146,2.0,671.146,2.0,1.173,1.0,0.286,2.0,0.161,2.0,0.018,2.0,0.148,2.0,97.753,2.0,28.7417,2.0,10.0,,9.0,,['I08N'],2019-12-05,2019-12-27,Akiko
360,25.0,1.0,35.0,,  I08N,1235.0,2.0,20191210.0,221.0,-0.2511,80.0055,4683,49.6,27.3151,27.3196,2.0,34.8154,2.0,34.8046,2.0,181.0,2.0,181.5,2.0,2.61,2.0,1.2,2.0,0.23,2.0,0.26,2.0,0.22,2.0,1.417,2.0,0.91,2.0,0.095,2.0,1.538,2.0,1987.9,2.0,2282.1,2.0,72.2,2.0,0.44,2.0,28.0,2.0,306.6,2.0,51.502,2.0,51.502,2.0,1.333,1.0,0.315,2.0,0.191,2.0,0.025,2.0,0.477,2.0,98.038,2.0,27.3196,2.0,49.3,9.617337086462273,2.0,9.403943094152009,['I08N'],2019-12-05,2019-12-27,Akiko
361,25.0,1.0,34.0,,  I08N,1234.0,2.0,20191210.0,221.0,-0.2511,80.0055,4683,98.9,22.0121,21.9864,2.0,35.2927,2.0,35.2929,2.0,114.7,2.0,114.9,2.0,8.08,2.0,12.91,2.0,0.07,2.0,0.96,2.0,0.03,2.0,1.544,2.0,1.025,2.0,0.05,2.0,1.262,2.0,2108.1,2.0,2306.9,2.0,60.2,2.0,0.22,2.0,20.6,2.0,392.7,2.0,0.428,2.0,0.428,2.0,1.415,1.0,0.352,2.0,0.214,2.0,0.037,2.0,0.22,2.0,99.107,2.0,21.9864,2.0,98.4,,9.0,,['I08N'],2019-12-05,2019-12-27,Akiko
362,25.0,1.0,33.0,,  I08N,1233.0,2.0,20191210.0,221.0,-0.2511,80.0055,4683,151.2,16.675,16.703,2.0,35.2076,2.0,35.203,2.0,71.9,2.0,73.9,2.0,15.49,2.0,21.59,2.0,0.01,2.0,1.51,2.0,0.03,2.0,1.73,2.0,1.042,2.0,0.009,2.0,0.923,2.0,2178.5,2.0,2307.5,2.0,50.7,2.0,0.03,2.0,22.5,2.0,433.3,2.0,0.0,2.0,0.0,2.0,1.498,1.0,0.397,2.0,0.247,2.0,0.051,2.0,0.026,2.0,99.581,2.0,16.703,2.0,150.3,28.485499900509264,2.0,27.75223315596675,['I08N'],2019-12-05,2019-12-27,Akiko
363,25.0,1.0,32.0,,  I08N,1232.0,2.0,20191210.0,221.0,-0.2511,80.0055,4683,200.4,13.3585,13.3667,2.0,35.1157,2.0,35.116,2.0,67.9,2.0,65.6,2.0,20.66,2.0,26.08,2.0,0.01,2.0,1.81,2.0,0.02,2.0,1.607,2.0,0.963,2.0,0.013,2.0,0.65,2.0,2211.4,2.0,2309.9,2.0,50.5,2.0,0.01,2.0,45.4,2.0,447.1,2.0,0.0,2.0,0.0,2.0,1.534,1.0,0.379,2.0,0.229,2.0,0.05,2.0,-0.002,2.0,99.537,2.0,13.3667,2.0,199.2,,9.0,,['I08N'],2019-12-05,2019-12-27,Akiko
364,25.0,1.0,31.0,,  I08N,1231.0,2.0,20191210.0,221.0,-0.2511,80.0055,4683,250.9,12.6466,12.6472,2.0,35.0965,2.0,35.0961,2.0,77.6,2.0,77.9,2.0,20.72,2.0,25.81,2.0,0.01,2.0,1.78,2.0,0.04,2.0,1.741,2.0,0.993,2.0,0.017,2.0,0.65,2.0,2210.3,2.0,2309.3,2.0,45.6,2.0,0.01,2.0,13.6,2.0,393.8,2.0,0.0,2.0,0.0,2.0,1.525,1.0,,9.0,,9.0,,9.0,0.0,2.0,99.567,2.0,12.6472,2.0,249.3,36.14432904449338,2.0,35.17137278868631,['I08N'],2019-12-05,2019-12-27,Akiko
365,25.0,1.0,30.0,,  I08N,1230.0,2.0,20191210.0,221.0,-0.2511,80.0055,4683,327.2,11.6868,11.6903,2.0,35.0481,2.0,35.0486,2.0,82.4,2.0,82.1,2.0,22.32,2.0,26.81,2.0,0.01,2.0,1.83,2.0,0.02,2.0,1.694,2.0,0.96,2.0,0.019,2.0,0.562,2.0,2213.8,2.0,2309.1,2.0,46.0,2.0,,9.0,19.1,2.0,414.3,2.0,0.0,2.0,0.0,2.0,1.489,1.0,0.413,2.0,0.249,2.0,0.058,2.0,0.003,2.0,99.537,2.0,11.6903,2.0,325.2,,9.0,,['I08N'],2019-12-05,2019-12-27,Akiko
366,25.0,1.0,29.0,,  I08N,1229.0,2.0,20191210.0,221.0,-0.2511,80.0055,4683,429.5,10.4497,10.4493,2.0,35.0153,2.0,35.0155,2.0,63.7,2.0,63.4,2.0,31.54,2.0,30.84,2.0,0.0,2.0,2.14,2.0,0.05,2.0,1.1,2.0,0.618,2.0,0.015,2.0,0.277,2.0,2236.3,2.0,2316.1,2.0,45.0,2.0,,9.0,16.3,2.0,400.5,2.0,0.0,2.0,0.0,2.0,1.529,1.0,0.35,2.0,0.204,2.0,0.044,2.0,0.004,2.0,99.607,2.0,10.4493,2.0,426.7,36.848729598405804,2.0,35.81642514041609,['I08N'],2019-12-05,2019-12-27,Akiko
367,25.0,1.0,28.0,,  I08N,1228.0,2.0,20191210.0,221.0,-0.2511,80.0055,4683,530.7,9.9721,9.9677,2.0,35.0154,2.0,35.0161,2.0,57.4,2.0,57.3,2.0,37.38,2.0,32.26,2.0,0.0,2.0,2.28,2.0,0.04,2.0,0.84,2.0,0.465,2.0,0.008,2.0,0.189,2.0,2249.7,2.0,2320.3,2.0,44.1,2.0,,9.0,12.5,2.0,421.5,2.0,0.0,2.0,0.0,2.0,1.546,1.0,0.341,2.0,0.194,2.0,0.06,2.0,0.005,2.0,99.674,2.0,9.9677,2.0,527.1,,9.0,,['I08N'],2019-12-05,2019-12-27,Akiko
368,25.0,1.0,27.0,,  I08N,1227.0,2.0,20191210.0,221.0,-0.2511,80.0055,4683,630.4,9.0738,9.074,2.0,35.0148,2.0,35.0154,2.0,45.0,2.0,44.9,2.0,50.55,2.0,34.82,2.0,0.0,2.0,2.52,2.0,0.04,2.0,0.381,2.0,0.219,2.0,0.005,2.0,0.074,2.0,2269.6,2.0,2332.0,2.0,42.8,2.0,,9.0,15.3,2.0,435.1,2.0,0.0,2.0,0.0,2.0,1.593,1.0,0.425,2.0,0.266,2.0,0.064,2.0,0.004,2.0,99.712,2.0,9.074,2.0,626.0,39.505500473711294,2.0,38.356003594026156,['I08N'],2019-12-05,2019-12-27,Akiko
369,25.0,1.0,26.0,,  I08N,1226.0,2.0,20191210.0,221.0,-0.2511,80.0055,4683,731.5,8.5511,8.5509,2.0,35.0065,2.0,35.0062,2.0,44.6,2.0,44.5,2.0,57.67,2.0,35.42,2.0,0.0,2.0,2.57,2.0,0.06,2.0,0.27,2.0,0.154,2.0,0.0,2.0,0.052,2.0,2279.2,6.0,2339.6,2.0,43.0,2.0,,9.0,23.1,2.0,427.7,2.0,0.0,2.0,0.0,2.0,1.613,1.0,,9.0,,9.0,,9.0,0.002,2.0,99.729,2.0,8.5509,2.0,726.2,,9.0,,['I08N'],2019-12-05,2019-12-27,Akiko
370,25.0,1.0,25.0,,  I08N,1225.0,2.0,20191210.0,221.0,-0.2511,80.0055,4683,829.5,7.9991,7.9978,2.0,34.9915,2.0,34.9914,2.0,42.7,2.0,42.8,2.0,65.61,2.0,36.34,2.0,0.0,2.0,2.66,2.0,0.05,2.0,0.148,2.0,0.086,2.0,0.002,2.0,0.026,2.0,2288.4,2.0,2345.6,2.0,41.7,2.0,,9.0,45.0,2.0,421.3,2.0,0.0,2.0,0.0,2.0,1.634,1.0,0.373,2.0,0.221,2.0,0.047,2.0,0.002,2.0,99.756,2.0,7.9978,2.0,823.3,39.8556649109163,2.0,38.656208654535625,['I08N'],2019-12-05,2019-12-27,Akiko
371,25.0,1.0,24.0,,  I08N,1224.0,2.0,20191210.0,221.0,-0.2511,80.0055,4683,930.7,7.1841,7.1835,2.0,34.9526,2.0,34.9514,2.0,53.2,2.0,53.0,2.0,74.18,2.0,36.51,2.0,0.0,2.0,2.67,2.0,0.06,2.0,0.109,2.0,0.063,2.0,0.0,2.0,0.004,2.0,2292.3,2.0,2351.8,2.0,43.7,2.0,,9.0,23.8,2.0,433.0,2.0,0.0,2.0,0.0,2.0,1.623,1.0,,9.0,,9.0,,9.0,0.002,2.0,99.765,2.0,7.1835,2.0,923.6,,9.0,,['I08N'],2019-12-05,2019-12-27,Akiko
372,25.0,1.0,23.0,,  I08N,1223.0,2.0,20191210.0,221.0,-0.2511,80.0055,4683,1067.4,6.4804,6.4804,2.0,34.92,2.0,34.9193,2.0,56.1,2.0,56.0,2.0,83.26,2.0,37.18,2.0,0.0,2.0,2.72,2.0,0.03,2.0,0.049,2.0,0.028,2.0,0.004,2.0,0.001,2.0,2302.0,2.0,2361.9,2.0,40.9,2.0,,9.0,26.0,2.0,438.1,2.0,0.0,2.0,0.0,2.0,1.626,1.0,0.357,2.0,0.207,2.0,0.044,2.0,0.002,2.0,99.792,2.0,6.4804,2.0,1058.8,35.187484361433164,2.0,34.08685731886565,['I08N'],2019-12-05,2019-12-27,Akiko
373,25.0,1.0,22.0,,  I08N,1222.0,2.0,20191210.0,221.0,-0.2511,80.0055,4683,1270.3,5.4779,5.4738,2.0,34.8852,2.0,34.8857,2.0,69.0,2.0,69.0,2.0,94.5,2.0,37.3,2.0,0.0,2.0,2.72,2.0,0.02,2.0,0.024,2.0,0.014,2.0,0.003,2.0,0.003,2.0,2309.2,2.0,2374.0,6.0,39.3,2.0,,9.0,24.6,2.0,444.2,2.0,0.0,2.0,0.0,2.0,1.644,1.0,,9.0,,9.0,,9.0,0.001,2.0,99.807,2.0,5.4738,2.0,1259.5,,9.0,,['I08N'],2019-12-05,2019-12-27,Akiko
374,25.0,1.0,21.0,,  I08N,1221.0,2.0,20191210.0,221.0,-0.2511,80.0055,4683,1470.9,4.5263,4.5269,2.0,34.845,2.0,34.8447,2.0,86.8,2.0,87.6,2.0,103.0,2.0,36.8,2.0,0.0,2.0,2.68,2.0,0.05,2.0,0.013,2.0,0.007,2.0,0.0,2.0,0.008,2.0,2311.1,2.0,2383.0,2.0,37.7,2.0,,9.0,5.5,2.0,441.0,2.0,0.0,2.0,0.0,2.0,1.629,1.0,0.354,2.0,0.203,2.0,0.04,2.0,0.001,2.0,99.851,2.0,4.5269,2.0,1457.7,31.97492923405226,2.0,30.913290466862083,['I08N'],2019-12-05,2019-12-27,Akiko
375,25.0,1.0,20.0,,  I08N,1220.0,2.0,20191210.0,221.0,-0.2511,80.0055,4683,1668.5,3.6074,3.6094,2.0,34.8099,2.0,34.8107,2.0,106.7,2.0,106.2,2.0,112.14,2.0,36.45,2.0,0.01,2.0,2.62,2.0,0.03,2.0,0.009,2.0,0.004,2.0,0.001,2.0,0.001,2.0,2315.2,2.0,2391.1,2.0,36.2,2.0,,9.0,35.4,2.0,455.9,2.0,0.0,2.0,0.0,2.0,1.615,1.0,,9.0,,9.0,,9.0,0.0,2.0,99.855,2.0,3.6094,2.0,1652.7,,9.0,,['I08N'],2019-12-05,2019-12-27,Akiko
376,25.0,1.0,19.0,,  I08N,1219.0,2.0,20191210.0,221.0,-0.2511,80.0055,4683,1867.5,2.9728,2.971,2.0,34.7838,2.0,34.7839,2.0,122.0,2.0,121.9,2.0,118.76,2.0,35.95,2.0,0.0,2.0,2.56,2.0,0.01,2.0,0.007,2.0,0.003,2.0,0.006,2.0,0.009,2.0,2312.7,2.0,2398.9,2.0,37.8,2.0,,9.0,,9.0,,9.0,0.0,2.0,0.0,2.0,1.602,1.0,0.356,2.0,0.212,2.0,0.047,2.0,0.0,2.0,99.855,2.0,2.971,2.0,1849.0,26.001775404055085,2.0,25.090941957731587,['I08N'],2019-12-05,2019-12-27,Akiko
377,25.0,1.0,18.0,,  I08N,1218.0,2.0,20191210.0,221.0,-0.2511,80.0055,4683,2070.7,2.6926,2.6923,2.0,34.773,2.0,34.7734,2.0,129.3,2.0,129.3,2.0,121.89,4.0,35.63,2.0,0.01,2.0,2.54,2.0,0.04,2.0,0.006,2.0,0.003,2.0,0.0,2.0,0.014,2.0,2314.2,2.0,2400.8,2.0,40.5,2.0,,9.0,,9.0,,9.0,0.0,2.0,0.0,2.0,1.595,1.0,,9.0,,9.0,,9.0,0.0,2.0,99.847,2.0,2.6923,2.0,2049.2,,9.0,,['I08N'],2019-12-05,2019-12-27,Akiko
378,25.0,1.0,17.0,,  I08N,1217.0,2.0,20191210.0,221.0,-0.2511,80.0055,4683,2269.1,2.3212,2.321,2.0,34.7569,2.0,34.7575,2.0,139.6,2.0,139.4,2.0,125.69,4.0,35.29,2.0,0.0,2.0,2.5,2.0,0.04,2.0,0.008,2.0,0.003,2.0,0.0,2.0,0.017,2.0,2311.1,2.0,2405.4,2.0,38.3,2.0,,9.0,,9.0,,9.0,0.0,2.0,0.0,2.0,1.58,1.0,0.37,2.0,0.22,2.0,0.044,2.0,-0.001,2.0,99.87,2.0,2.321,2.0,2244.4,23.112918797113707,2.0,22.263022653125265,['I08N'],2019-12-05,2019-12-27,Akiko
379,25.0,1.0,16.0,,  I08N,1216.0,2.0,20191210.0,221.0,-0.2511,80.0055,4683,2469.9,2.0701,2.0699,2.0,34.7463,2.0,34.7467,2.0,149.0,2.0,148.9,2.0,127.97,2.0,35.1,2.0,0.0,2.0,2.45,2.0,0.02,2.0,0.01,2.0,0.003,2.0,0.0,2.0,0.005,2.0,2307.4,6.0,2407.1,2.0,39.2,2.0,,9.0,,9.0,,9.0,0.0,2.0,0.0,2.0,1.557,1.0,,9.0,,9.0,,9.0,-0.001,2.0,99.883,2.0,2.0699,2.0,2442.0,,9.0,,['I08N'],2019-12-05,2019-12-27,Akiko
380,25.0,1.0,15.0,,  I08N,1215.0,2.0,20191210.0,221.0,-0.2511,80.0055,4683,2668.9,1.949,1.9494,2.0,34.7405,2.0,34.741,2.0,152.6,2.0,152.5,2.0,128.7,2.0,34.75,2.0,0.01,2.0,2.44,2.0,0.06,2.0,0.009,2.0,0.004,2.0,0.0,2.0,0.012,2.0,2308.4,2.0,2406.9,2.0,34.1,2.0,,9.0,,9.0,,9.0,0.0,2.0,0.0,2.0,1.544,1.0,0.365,2.0,0.211,2.0,0.046,2.0,0.0,2.0,99.883,2.0,1.9494,2.0,2637.4,22.585636301555,2.0,21.716931506913728,['I08N'],2019-12-05,2019-12-27,Akiko
381,25.0,1.0,14.0,,  I08N,1214.0,2.0,20191210.0,221.0,-0.2511,80.0055,4683,2872.5,1.78,1.78,2.0,34.7339,2.0,34.7345,2.0,157.7,2.0,157.8,2.0,130.64,2.0,34.55,2.0,0.0,2.0,2.42,2.0,0.04,2.0,0.012,2.0,0.004,2.0,0.0,2.0,0.015,2.0,2308.7,2.0,2408.6,2.0,33.8,2.0,,9.0,,9.0,,9.0,0.0,2.0,0.0,2.0,1.539,1.0,,9.0,,9.0,,9.0,0.0,2.0,99.885,2.0,1.78,2.0,2837.3,,9.0,,['I08N'],2019-12-05,2019-12-27,Akiko
382,25.0,1.0,13.0,,  I08N,1213.0,2.0,20191210.0,221.0,-0.2511,80.0055,4683,3081.8,1.7238,1.7237,2.0,34.7313,2.0,34.7315,2.0,159.2,2.0,159.0,2.0,132.35,4.0,34.61,2.0,0.01,2.0,2.42,2.0,0.06,2.0,0.013,2.0,0.004,2.0,0.0,2.0,0.005,2.0,2308.9,2.0,2406.6,2.0,38.8,2.0,,9.0,,9.0,,9.0,0.0,2.0,0.0,2.0,1.545,1.0,0.339,2.0,0.192,2.0,0.037,2.0,-0.001,2.0,99.895,2.0,1.7237,2.0,3042.6,19.28757590462404,2.0,18.512660097271908,['I08N'],2019-12-05,2019-12-27,Akiko
383,25.0,1.0,12.0,,  I08N,1212.0,2.0,20191210.0,221.0,-0.2511,80.0055,4683,3331.5,1.5723,1.5722,2.0,34.7259,2.0,34.726,2.0,162.2,2.0,162.1,2.0,135.65,4.0,34.52,2.0,0.0,2.0,2.4,2.0,0.02,2.0,0.008,2.0,0.004,2.0,0.006,2.0,0.003,2.0,2310.9,2.0,2415.4,6.0,36.8,2.0,,9.0,,9.0,,9.0,0.0,2.0,0.0,2.0,1.557,1.0,,9.0,,9.0,,9.0,-0.001,2.0,99.904,2.0,1.5722,2.0,3287.2,,9.0,,['I08N'],2019-12-05,2019-12-27,Akiko
384,25.0,1.0,11.0,,  I08N,1211.0,2.0,20191210.0,221.0,-0.2511,80.0055,4683,3579.7,1.4138,1.4138,2.0,34.7204,2.0,34.7205,2.0,169.2,2.0,169.2,2.0,136.72,2.0,34.25,2.0,0.0,2.0,2.38,2.0,0.04,2.0,0.01,2.0,0.004,2.0,0.004,2.0,0.006,2.0,2308.1,2.0,2419.3,2.0,40.2,2.0,,9.0,,9.0,,9.0,0.0,2.0,0.0,2.0,1.527,1.0,0.342,2.0,0.191,2.0,0.039,2.0,-0.001,2.0,99.912,2.0,1.4138,2.0,3530.2,19.747675688393418,2.0,18.91379220076196,['I08N'],2019-12-05,2019-12-27,Akiko
385,25.0,1.0,10.0,,  I08N,1210.0,2.0,20191210.0,221.0,-0.2511,80.0055,4683,3830.8,1.3863,1.3862,2.0,34.7187,2.0,34.7186,2.0,172.8,2.0,172.9,2.0,136.26,2.0,34.19,2.0,0.0,2.0,2.36,2.0,0.03,2.0,0.009,2.0,0.004,2.0,0.002,2.0,0.034,2.0,2305.3,2.0,2415.0,2.0,37.6,2.0,,9.0,,9.0,,9.0,0.0,2.0,0.0,2.0,1.515,1.0,,9.0,,9.0,,9.0,0.0,2.0,99.914,2.0,1.3862,2.0,3775.6,,9.0,,['I08N'],2019-12-05,2019-12-27,Akiko
386,25.0,1.0,9.0,,  I08N,1209.0,2.0,20191210.0,221.0,-0.2511,80.0055,4683,4080.0,1.3757,1.3756,2.0,34.7176,2.0,34.7177,2.0,175.1,2.0,174.9,2.0,136.26,2.0,34.14,2.0,0.01,2.0,2.34,2.0,0.02,2.0,0.011,2.0,0.005,2.0,0.002,2.0,0.004,2.0,2303.9,2.0,2414.8,2.0,36.9,2.0,,9.0,,9.0,,9.0,0.0,2.0,0.0,2.0,1.499,1.0,0.325,2.0,0.19,2.0,0.037,2.0,0.0,2.0,99.929,2.0,1.3756,2.0,4018.9,19.07177689099769,2.0,18.228334110362404,['I08N'],2019-12-05,2019-12-27,Akiko
387,25.0,1.0,8.0,,  I08N,1208.0,2.0,20191210.0,221.0,-0.2511,80.0055,4683,4330.7,1.3963,1.3962,2.0,34.7175,2.0,34.7157,2.0,175.8,2.0,175.8,2.0,135.47,2.0,33.8,2.0,0.0,2.0,2.34,2.0,0.05,2.0,0.01,2.0,0.004,2.0,0.003,2.0,0.007,2.0,2304.2,6.0,2415.7,2.0,35.0,2.0,,9.0,,9.0,,9.0,0.0,2.0,0.0,2.0,1.489,1.0,,9.0,,9.0,,9.0,0.0,2.0,99.931,2.0,1.3962,2.0,4263.5,,9.0,,['I08N'],2019-12-05,2019-12-27,Akiko
388,25.0,1.0,7.0,,  I08N,1207.0,2.0,20191210.0,221.0,-0.2511,80.0055,4683,4579.1,1.4131,1.4131,2.0,34.7174,2.0,34.7171,2.0,177.0,2.0,177.0,2.0,135.7,2.0,34.06,2.0,0.0,2.0,2.34,2.0,0.05,2.0,0.01,2.0,0.004,2.0,0.005,2.0,0.008,2.0,2302.9,2.0,2413.3,2.0,38.0,2.0,,9.0,,9.0,,9.0,0.0,2.0,0.0,2.0,1.482,1.0,0.32,2.0,0.182,2.0,0.034,2.0,0.0,2.0,99.923,2.0,1.4131,2.0,4505.5,19.820965919436325,2.0,18.905671080078,['I08N'],2019-12-05,2019-12-27,Akiko
389,25.0,1.0,3.0,,  I08N,1203.0,5.0,20191210.0,221.0,-0.2511,80.0055,4683,4745.5,1.4325,1.4324,2.0,34.7172,2.0,,9.0,176.9,2.0,,9.0,,9.0,,9.0,,9.0,,9.0,,9.0,,9.0,,9.0,,9.0,,9.0,,9.0,,9.0,,9.0,,9.0,,9.0,,9.0,0.0,2.0,0.0,2.0,1.503,1.0,,9.0,,9.0,,9.0,-0.001,2.0,99.906,2.0,1.4324,2.0,,,,,['I08N'],2019-12-05,2019-12-27,Akiko
390,25.0,1.0,2.0,,  I08N,12046.0,2.0,20191210.0,221.0,-0.2511,80.0055,4683,58.7,26.4193,26.4205,2.0,35.033,2.0,35.0248,2.0,169.8,2.0,170.5,2.0,3.47,2.0,2.88,2.0,0.38,2.0,0.38,2.0,0.11,2.0,,9.0,,9.0,,9.0,,9.0,2011.9,2.0,2293.1,2.0,74.8,2.0,0.45,2.0,16.7,2.0,297.0,2.0,26.504,2.0,26.504,2.0,1.331,1.0,0.318,2.0,0.177,2.0,0.028,2.0,0.477,2.0,98.368,2.0,26.4205,2.0,58.3,,9.0,,['I08N'],2019-12-05,2019-12-27,Akiko
391,25.0,1.0,1.0,,  I08N,1201.0,2.0,20191210.0,221.0,-0.2511,80.0055,4683,4745.3,1.4326,1.4326,2.0,34.7172,2.0,34.7179,2.0,176.9,2.0,177.1,2.0,135.66,2.0,34.08,2.0,0.0,2.0,2.35,2.0,0.03,2.0,0.012,2.0,0.005,2.0,0.003,2.0,0.003,2.0,2304.3,2.0,2413.5,2.0,42.0,2.0,,9.0,,9.0,,9.0,0.0,2.0,0.0,2.0,1.494,1.0,0.326,2.0,0.183,2.0,0.034,2.0,-0.001,2.0,99.908,2.0,1.4326,2.0,4667.3,19.894256150479237,2.0,18.96279150406274,['I08N'],2019-12-05,2019-12-27,Akiko
392,26.0,1.0,36.0,,  I08N,1236.0,2.0,20191210.0,904.0,-0.5006,80.004,4712,9.7,28.9774,28.9848,2.0,34.4441,2.0,,9.0,197.8,2.0,,9.0,0.73,2.0,-0.01,2.0,0.01,2.0,0.12,2.0,0.05,2.0,,9.0,,9.0,,9.0,,9.0,,9.0,,9.0,,9.0,,9.0,,9.0,,9.0,319.056,2.0,319.056,2.0,1.179,1.0,,9.0,,9.0,,9.0,0.169,2.0,97.383,2.0,28.9848,2.0,9.7,7.2069028210510035,2.0,7.053860211261656,['I08N'],2019-12-05,2019-12-27,Akiko
393,26.0,1.0,35.0,,  I08N,1235.0,2.0,20191210.0,904.0,-0.5006,80.004,4712,9.6,28.932,28.9353,2.0,34.4432,2.0,,9.0,198.0,2.0,,9.0,,9.0,,9.0,,9.0,,9.0,,9.0,,9.0,,9.0,,9.0,,9.0,,9.0,,9.0,,9.0,,9.0,,9.0,,9.0,319.006,2.0,319.006,2.0,1.179,1.0,,9.0,,9.0,,9.0,0.167,2.0,97.406,2.0,28.9353,2.0,,,,,['I08N'],2019-12-05,2019-12-27,Akiko
394,26.0,1.0,34.0,,  I08N,1234.0,2.0,20191210.0,904.0,-0.5006,80.004,4712,1.9,29.1206,29.1197,4.0,34.4483,2.0,,9.0,197.7,2.0,,9.0,0.76,2.0,-0.01,2.0,0.01,2.0,0.13,2.0,0.04,2.0,,9.0,,9.0,,9.0,,9.0,,9.0,,9.0,,9.0,,9.0,,9.0,,9.0,678.716,2.0,678.716,2.0,1.179,1.0,,9.0,,9.0,,9.0,0.146,2.0,97.524,2.0,29.1197,4.0,1.9,,9.0,,['I08N'],2019-12-05,2019-12-27,Akiko
395,26.0,1.0,33.0,,  I08N,1233.0,5.0,20191210.0,904.0,-0.5006,80.004,4712,1.9,29.1206,29.1197,4.0,34.4483,2.0,,9.0,197.7,2.0,,9.0,,9.0,,9.0,,9.0,,9.0,,9.0,,9.0,,9.0,,9.0,,9.0,,9.0,,9.0,,9.0,,9.0,,9.0,,9.0,678.716,2.0,678.716,2.0,1.179,1.0,,9.0,,9.0,,9.0,0.146,2.0,97.524,2.0,29.1197,4.0,,,,,['I08N'],2019-12-05,2019-12-27,Akiko
396,26.0,1.0,32.0,,  I08N,1232.0,2.0,20191210.0,904.0,-0.5006,80.004,4712,25.1,28.7641,28.7627,2.0,34.5668,2.0,,9.0,197.3,2.0,,9.0,0.85,2.0,0.01,2.0,0.02,2.0,0.15,2.0,0.08,2.0,,9.0,,9.0,,9.0,,9.0,,9.0,,9.0,,9.0,,9.0,,9.0,,9.0,96.193,2.0,96.193,2.0,1.245,1.0,,9.0,,9.0,,9.0,0.264,2.0,97.196,2.0,28.7627,2.0,25.0,6.459749632363559,2.0,6.321155590648311,['I08N'],2019-12-05,2019-12-27,Akiko
397,26.0,1.0,31.0,,  I08N,1231.0,2.0,20191210.0,904.0,-0.5006,80.004,4712,24.9,28.7691,28.7671,2.0,34.5621,2.0,,9.0,197.4,2.0,,9.0,,9.0,,9.0,,9.0,,9.0,,9.0,,9.0,,9.0,,9.0,,9.0,,9.0,,9.0,,9.0,,9.0,,9.0,,9.0,100.076,2.0,100.076,2.0,1.255,1.0,,9.0,,9.0,,9.0,0.257,2.0,97.288,2.0,28.7671,2.0,,,,,['I08N'],2019-12-05,2019-12-27,Akiko
398,26.0,1.0,30.0,,  I08N,1230.0,2.0,20191210.0,904.0,-0.5006,80.004,4712,50.3,28.3019,28.2982,2.0,34.7286,2.0,,9.0,192.6,2.0,,9.0,1.61,2.0,0.23,2.0,0.05,2.0,0.18,2.0,0.09,2.0,,9.0,,9.0,,9.0,,9.0,,9.0,,9.0,,9.0,,9.0,,9.0,,9.0,17.155,2.0,17.155,2.0,1.3,1.0,,9.0,,9.0,,9.0,0.57,2.0,97.537,2.0,28.2982,2.0,50.0,,9.0,,['I08N'],2019-12-05,2019-12-27,Akiko
399,26.0,1.0,29.0,,  I08N,1229.0,2.0,20191210.0,904.0,-0.5006,80.004,4712,50.2,28.3112,28.3094,2.0,34.7276,2.0,,9.0,192.6,2.0,,9.0,,9.0,,9.0,,9.0,,9.0,,9.0,,9.0,,9.0,,9.0,,9.0,,9.0,,9.0,,9.0,,9.0,,9.0,,9.0,17.17,2.0,17.17,2.0,1.295,1.0,,9.0,,9.0,,9.0,0.56,2.0,97.526,2.0,28.3094,2.0,,,,,['I08N'],2019-12-05,2019-12-27,Akiko
400,26.0,1.0,28.0,,  I08N,1228.0,2.0,20191210.0,904.0,-0.5006,80.004,4712,71.1,25.9225,25.9307,2.0,35.2513,2.0,,9.0,162.7,2.0,,9.0,3.89,2.0,3.73,2.0,0.49,2.0,0.46,2.0,0.08,2.0,,9.0,,9.0,,9.0,,9.0,,9.0,,9.0,,9.0,,9.0,,9.0,,9.0,2.166,2.0,2.166,2.0,1.401,1.0,,9.0,,9.0,,9.0,0.534,2.0,98.12,2.0,25.9307,2.0,70.7,11.647069318400646,2.0,11.379037314358943,['I08N'],2019-12-05,2019-12-27,Akiko
401,26.0,1.0,27.0,,  I08N,1227.0,2.0,20191210.0,904.0,-0.5006,80.004,4712,70.9,25.9437,25.9423,2.0,35.2492,2.0,,9.0,163.3,2.0,,9.0,,9.0,,9.0,,9.0,,9.0,,9.0,,9.0,,9.0,,9.0,,9.0,,9.0,,9.0,,9.0,,9.0,,9.0,,9.0,3.957,2.0,3.957,2.0,1.413,1.0,,9.0,,9.0,,9.0,0.549,2.0,98.131,2.0,25.9423,2.0,,,,,['I08N'],2019-12-05,2019-12-27,Akiko
402,26.0,1.0,26.0,,  I08N,1226.0,2.0,20191210.0,904.0,-0.5006,80.004,4712,79.8,24.9395,24.9381,2.0,35.2767,2.0,,9.0,153.5,2.0,,9.0,4.73,2.0,5.55,2.0,0.55,2.0,0.56,2.0,0.06,2.0,,9.0,,9.0,,9.0,,9.0,,9.0,,9.0,,9.0,,9.0,,9.0,,9.0,2.204,2.0,2.204,2.0,1.379,1.0,,9.0,,9.0,,9.0,0.518,2.0,98.245,2.0,24.9381,2.0,79.4,,9.0,,['I08N'],2019-12-05,2019-12-27,Akiko
403,26.0,1.0,25.0,,  I08N,1225.0,2.0,20191210.0,904.0,-0.5006,80.004,4712,80.0,24.9598,24.9536,2.0,35.277,2.0,,9.0,153.8,2.0,,9.0,,9.0,,9.0,,9.0,,9.0,,9.0,,9.0,,9.0,,9.0,,9.0,,9.0,,9.0,,9.0,,9.0,,9.0,,9.0,2.162,2.0,2.162,2.0,1.404,1.0,,9.0,,9.0,,9.0,0.525,2.0,98.228,2.0,24.9536,2.0,,,,,['I08N'],2019-12-05,2019-12-27,Akiko
404,26.0,1.0,24.0,,  I08N,1224.0,2.0,20191210.0,904.0,-0.5006,80.004,4712,89.3,24.2047,24.2029,2.0,35.2839,2.0,,9.0,144.6,2.0,,9.0,5.43,2.0,7.35,2.0,0.41,2.0,0.66,2.0,0.03,2.0,,9.0,,9.0,,9.0,,9.0,,9.0,,9.0,,9.0,,9.0,,9.0,,9.0,1.059,2.0,1.059,2.0,1.386,1.0,,9.0,,9.0,,9.0,0.438,2.0,98.516,2.0,24.2029,2.0,88.8,13.279812798856593,2.0,12.96623945830807,['I08N'],2019-12-05,2019-12-27,Akiko
405,26.0,1.0,23.0,,  I08N,1223.0,2.0,20191210.0,904.0,-0.5006,80.004,4712,89.9,24.21,24.2242,2.0,35.2844,2.0,,9.0,144.5,2.0,,9.0,,9.0,,9.0,,9.0,,9.0,,9.0,,9.0,,9.0,,9.0,,9.0,,9.0,,9.0,,9.0,,9.0,,9.0,,9.0,1.009,2.0,1.009,2.0,1.38,1.0,,9.0,,9.0,,9.0,0.373,2.0,98.529,2.0,24.2242,2.0,,,,,['I08N'],2019-12-05,2019-12-27,Akiko
406,26.0,1.0,22.0,,  I08N,1222.0,2.0,20191210.0,904.0,-0.5006,80.004,4712,101.3,23.2152,23.2204,2.0,35.2905,2.0,,9.0,131.5,2.0,,9.0,6.52,2.0,9.99,2.0,0.17,2.0,0.8,2.0,0.04,2.0,,9.0,,9.0,,9.0,,9.0,,9.0,,9.0,,9.0,,9.0,,9.0,,9.0,0.05,2.0,0.05,2.0,1.387,1.0,,9.0,,9.0,,9.0,0.32,2.0,98.759,2.0,23.2204,2.0,100.7,,9.0,,['I08N'],2019-12-05,2019-12-27,Akiko
407,26.0,1.0,21.0,,  I08N,1221.0,2.0,20191210.0,904.0,-0.5006,80.004,4712,101.3,23.2003,23.2092,2.0,35.2914,2.0,,9.0,130.9,2.0,,9.0,,9.0,,9.0,,9.0,,9.0,,9.0,,9.0,,9.0,,9.0,,9.0,,9.0,,9.0,,9.0,,9.0,,9.0,,9.0,0.066,2.0,0.066,2.0,1.386,1.0,,9.0,,9.0,,9.0,0.314,2.0,98.763,2.0,23.2092,2.0,,,,,['I08N'],2019-12-05,2019-12-27,Akiko
408,26.0,1.0,20.0,,  I08N,1220.0,2.0,20191210.0,904.0,-0.5006,80.004,4712,109.7,22.0281,22.0249,2.0,35.3154,2.0,,9.0,110.1,2.0,,9.0,8.23,2.0,13.79,2.0,0.07,2.0,1.0,2.0,0.06,2.0,,9.0,,9.0,,9.0,,9.0,,9.0,,9.0,,9.0,,9.0,,9.0,,9.0,0.102,2.0,0.102,2.0,1.448,1.0,,9.0,,9.0,,9.0,0.283,2.0,98.961,2.0,22.0249,2.0,109.0,17.846201360780135,2.0,17.4121254212131,['I08N'],2019-12-05,2019-12-27,Akiko
409,26.0,1.0,19.0,,  I08N,1219.0,2.0,20191210.0,904.0,-0.5006,80.004,4712,109.7,21.9568,21.962,2.0,35.3169,2.0,,9.0,109.6,2.0,,9.0,,9.0,,9.0,,9.0,,9.0,,9.0,,9.0,,9.0,,9.0,,9.0,,9.0,,9.0,,9.0,,9.0,,9.0,,9.0,0.032,2.0,0.032,2.0,1.436,1.0,,9.0,,9.0,,9.0,0.264,2.0,98.955,2.0,21.962,2.0,,,,,['I08N'],2019-12-05,2019-12-27,Akiko
410,26.0,1.0,18.0,,  I08N,1218.0,2.0,20191210.0,904.0,-0.5006,80.004,4712,120.4,20.8108,20.8078,2.0,35.2764,2.0,,9.0,101.7,2.0,,9.0,9.69,2.0,15.49,2.0,0.03,2.0,1.1,2.0,0.05,2.0,,9.0,,9.0,,9.0,,9.0,,9.0,,9.0,,9.0,,9.0,,9.0,,9.0,0.0,2.0,0.0,2.0,1.443,1.0,,9.0,,9.0,,9.0,0.197,2.0,99.193,2.0,20.8078,2.0,119.7,,9.0,,['I08N'],2019-12-05,2019-12-27,Akiko
411,26.0,1.0,17.0,,  I08N,1217.0,2.0,20191210.0,904.0,-0.5006,80.004,4712,120.2,20.8124,20.8088,2.0,35.2767,2.0,,9.0,101.8,2.0,,9.0,,9.0,,9.0,,9.0,,9.0,,9.0,,9.0,,9.0,,9.0,,9.0,,9.0,,9.0,,9.0,,9.0,,9.0,,9.0,0.0,2.0,0.0,2.0,1.426,1.0,,9.0,,9.0,,9.0,0.196,2.0,99.193,2.0,20.8088,2.0,,,,,['I08N'],2019-12-05,2019-12-27,Akiko
412,26.0,1.0,16.0,,  I08N,1216.0,2.0,20191210.0,904.0,-0.5006,80.004,4712,130.0,19.6237,19.6195,2.0,35.2575,2.0,,9.0,92.2,2.0,,9.0,11.35,2.0,17.43,2.0,0.02,2.0,1.23,2.0,0.06,2.0,,9.0,,9.0,,9.0,,9.0,,9.0,,9.0,,9.0,,9.0,,9.0,,9.0,0.0,2.0,0.0,2.0,1.453,1.0,,9.0,,9.0,,9.0,0.143,2.0,99.325,2.0,19.6195,2.0,129.3,20.358427613751,2.0,19.849691696723617,['I08N'],2019-12-05,2019-12-27,Akiko
413,26.0,1.0,15.0,,  I08N,1215.0,2.0,20191210.0,904.0,-0.5006,80.004,4712,130.4,19.6426,19.6278,2.0,35.2573,2.0,,9.0,91.5,2.0,,9.0,,9.0,,9.0,,9.0,,9.0,,9.0,,9.0,,9.0,,9.0,,9.0,,9.0,,9.0,,9.0,,9.0,,9.0,,9.0,0.0,2.0,0.0,2.0,1.452,1.0,,9.0,,9.0,,9.0,0.174,2.0,99.323,2.0,19.6278,2.0,,,,,['I08N'],2019-12-05,2019-12-27,Akiko
414,26.0,1.0,14.0,,  I08N,1214.0,2.0,20191210.0,904.0,-0.5006,80.004,4712,140.2,18.4956,18.5198,2.0,35.2293,2.0,,9.0,79.4,2.0,,9.0,13.4,2.0,19.86,2.0,0.02,2.0,1.38,2.0,0.05,2.0,,9.0,,9.0,,9.0,,9.0,,9.0,,9.0,,9.0,,9.0,,9.0,,9.0,0.0,2.0,0.0,2.0,1.463,1.0,,9.0,,9.0,,9.0,0.115,2.0,99.431,2.0,18.5198,2.0,139.3,,9.0,,['I08N'],2019-12-05,2019-12-27,Akiko
415,26.0,1.0,13.0,,  I08N,1213.0,2.0,20191210.0,904.0,-0.5006,80.004,4712,140.1,18.4869,18.5062,2.0,35.2281,2.0,,9.0,79.2,2.0,,9.0,,9.0,,9.0,,9.0,,9.0,,9.0,,9.0,,9.0,,9.0,,9.0,,9.0,,9.0,,9.0,,9.0,,9.0,,9.0,0.0,2.0,0.0,2.0,1.474,1.0,,9.0,,9.0,,9.0,0.109,2.0,99.454,2.0,18.5062,2.0,,,,,['I08N'],2019-12-05,2019-12-27,Akiko
416,26.0,1.0,12.0,,  I08N,1212.0,2.0,20191210.0,904.0,-0.5006,80.004,4712,150.3,16.6376,16.6454,2.0,35.1914,2.0,,9.0,73.3,2.0,,9.0,15.83,2.0,21.93,2.0,0.02,2.0,1.52,2.0,0.09,2.0,,9.0,,9.0,,9.0,,9.0,,9.0,,9.0,,9.0,,9.0,,9.0,,9.0,0.0,2.0,0.0,2.0,1.492,1.0,,9.0,,9.0,,9.0,0.026,2.0,99.555,2.0,16.6454,2.0,149.4,26.30715136673388,2.0,25.63014718623666,['I08N'],2019-12-05,2019-12-27,Akiko
417,26.0,1.0,11.0,,  I08N,1211.0,2.0,20191210.0,904.0,-0.5006,80.004,4712,150.3,16.6171,16.638,2.0,35.1927,2.0,,9.0,73.1,2.0,,9.0,,9.0,,9.0,,9.0,,9.0,,9.0,,9.0,,9.0,,9.0,,9.0,,9.0,,9.0,,9.0,,9.0,,9.0,,9.0,0.0,2.0,0.0,2.0,1.488,1.0,,9.0,,9.0,,9.0,0.027,2.0,99.553,2.0,16.638,2.0,,,,,['I08N'],2019-12-05,2019-12-27,Akiko
418,26.0,1.0,10.0,,  I08N,1210.0,2.0,20191210.0,904.0,-0.5006,80.004,4712,175.5,15.0075,15.0071,2.0,35.1504,2.0,,9.0,62.0,2.0,,9.0,18.65,2.0,24.81,2.0,0.04,2.0,1.72,2.0,0.17,2.0,,9.0,,9.0,,9.0,,9.0,,9.0,,9.0,,9.0,,9.0,,9.0,,9.0,0.0,2.0,0.0,2.0,1.529,1.0,,9.0,,9.0,,9.0,0.002,2.0,99.599,2.0,15.0071,2.0,174.5,,9.0,,['I08N'],2019-12-05,2019-12-27,Akiko
419,26.0,1.0,9.0,,  I08N,1209.0,2.0,20191210.0,904.0,-0.5006,80.004,4712,175.1,15.0169,15.0124,2.0,35.1506,2.0,,9.0,62.0,2.0,,9.0,,9.0,,9.0,,9.0,,9.0,,9.0,,9.0,,9.0,,9.0,,9.0,,9.0,,9.0,,9.0,,9.0,,9.0,,9.0,0.0,2.0,0.0,2.0,1.533,1.0,,9.0,,9.0,,9.0,0.002,2.0,99.605,2.0,15.0124,2.0,,,,,['I08N'],2019-12-05,2019-12-27,Akiko
420,26.0,1.0,8.0,,  I08N,1208.0,2.0,20191210.0,904.0,-0.5006,80.004,4712,199.3,14.3787,14.3822,2.0,35.1319,2.0,,9.0,60.0,2.0,,9.0,19.97,2.0,25.94,2.0,0.01,2.0,1.79,2.0,0.04,2.0,,9.0,,9.0,,9.0,,9.0,,9.0,,9.0,,9.0,,9.0,,9.0,,9.0,0.0,2.0,0.0,2.0,1.527,1.0,,9.0,,9.0,,9.0,-0.001,2.0,99.61,2.0,14.3822,2.0,198.1,35.018509662084234,2.0,34.09460205900101,['I08N'],2019-12-05,2019-12-27,Akiko
421,26.0,1.0,7.0,,  I08N,1207.0,2.0,20191210.0,904.0,-0.5006,80.004,4712,199.6,14.3207,14.3028,2.0,35.1289,2.0,,9.0,60.1,2.0,,9.0,,9.0,,9.0,,9.0,,9.0,,9.0,,9.0,,9.0,,9.0,,9.0,,9.0,,9.0,,9.0,,9.0,,9.0,,9.0,0.0,2.0,0.0,2.0,1.543,1.0,,9.0,,9.0,,9.0,-0.002,2.0,99.589,2.0,14.3028,2.0,,,,,['I08N'],2019-12-05,2019-12-27,Akiko
422,26.0,1.0,6.0,,  I08N,1206.0,2.0,20191210.0,904.0,-0.5006,80.004,4712,331.2,11.7434,11.7404,2.0,35.0476,2.0,,9.0,81.9,2.0,,9.0,22.49,2.0,27.26,2.0,0.0,2.0,1.82,2.0,0.04,2.0,,9.0,,9.0,,9.0,,9.0,,9.0,,9.0,,9.0,,9.0,,9.0,,9.0,0.0,2.0,0.0,2.0,1.501,1.0,,9.0,,9.0,,9.0,0.003,2.0,99.563,2.0,11.7404,2.0,329.1,,9.0,,['I08N'],2019-12-05,2019-12-27,Akiko
423,26.0,1.0,5.0,,  I08N,1205.0,2.0,20191210.0,904.0,-0.5006,80.004,4712,331.5,11.727,11.7295,2.0,35.047,2.0,,9.0,81.7,2.0,,9.0,,9.0,,9.0,,9.0,,9.0,,9.0,,9.0,,9.0,,9.0,,9.0,,9.0,,9.0,,9.0,,9.0,,9.0,,9.0,0.0,2.0,0.0,2.0,1.48,1.0,,9.0,,9.0,,9.0,0.004,2.0,99.601,2.0,11.7295,2.0,,,,,['I08N'],2019-12-05,2019-12-27,Akiko
424,26.0,1.0,2.0,,  I08N,12046.0,2.0,20191210.0,904.0,-0.5006,80.004,4712,56.1,27.1655,27.1517,2.0,34.8592,2.0,,9.0,182.8,2.0,,9.0,2.79,2.0,1.39,2.0,0.21,2.0,0.26,2.0,0.14,2.0,,9.0,,9.0,,9.0,,9.0,,9.0,,9.0,,9.0,,9.0,,9.0,,9.0,12.169,2.0,12.169,2.0,1.309,1.0,,9.0,,9.0,,9.0,0.511,2.0,97.817,2.0,27.1517,2.0,55.8,9.118556347420245,2.0,8.91527894571763,['I08N'],2019-12-05,2019-12-27,Akiko
425,26.0,1.0,1.0,,  I08N,1201.0,2.0,20191210.0,904.0,-0.5006,80.004,4712,56.8,27.1796,27.1667,2.0,34.8562,2.0,,9.0,182.8,2.0,,9.0,,9.0,,9.0,,9.0,,9.0,,9.0,,9.0,,9.0,,9.0,,9.0,,9.0,,9.0,,9.0,,9.0,,9.0,,9.0,11.619,2.0,11.619,2.0,1.315,1.0,,9.0,,9.0,,9.0,0.542,2.0,97.691,2.0,27.1667,2.0,,,,,['I08N'],2019-12-05,2019-12-27,Akiko
426,27.0,1.0,36.0,,  I08N,1236.0,2.0,20191210.0,1418.0,-0.7489,80.0003,4735,10.2,28.84,28.8382,2.0,34.6386,2.0,34.6381,2.0,196.0,2.0,195.3,2.0,1.04,2.0,0.14,2.0,0.02,2.0,0.14,2.0,0.09,2.0,1.424,2.0,0.909,2.0,0.117,2.0,1.461,2.0,1959.7,2.0,2272.2,2.0,,9.0,0.13,2.0,,9.0,,9.0,0.003,2.0,0.003,2.0,1.213,1.0,,9.0,,9.0,,9.0,0.222,2.0,98.196,2.0,28.8382,2.0,,,,,['I08N'],2019-12-05,2019-12-27,Akiko
427,27.0,1.0,35.0,,  I08N,1235.0,2.0,20191210.0,1418.0,-0.7489,80.0003,4735,50.4,28.2983,28.3068,2.0,34.7175,2.0,34.7198,2.0,191.6,2.0,191.4,2.0,1.82,2.0,0.27,2.0,0.06,2.0,0.17,2.0,0.13,2.0,1.445,2.0,0.921,2.0,0.114,2.0,1.545,2.0,1966.1,2.0,2271.3,2.0,,9.0,0.35,2.0,,9.0,,9.0,0.0,2.0,0.0,2.0,1.277,1.0,,9.0,,9.0,,9.0,0.504,2.0,97.909,2.0,28.3068,2.0,,,,,['I08N'],2019-12-05,2019-12-27,Akiko
428,27.0,1.0,34.0,,  I08N,1234.0,2.0,20191210.0,1418.0,-0.7489,80.0003,4735,101.6,20.9667,20.9598,2.0,35.3007,2.0,35.3028,2.0,99.3,2.0,99.0,2.0,9.57,2.0,15.63,2.0,0.04,2.0,1.11,2.0,0.05,2.0,1.743,2.0,1.076,2.0,0.044,2.0,1.225,2.0,2129.6,2.0,2313.8,2.0,,9.0,0.2,2.0,,9.0,,9.0,0.0,2.0,0.0,2.0,1.437,1.0,,9.0,,9.0,,9.0,0.203,2.0,99.247,2.0,20.9598,2.0,,,,,['I08N'],2019-12-05,2019-12-27,Akiko
429,27.0,1.0,33.0,,  I08N,1233.0,2.0,20191210.0,1418.0,-0.7489,80.0003,4735,470.0,10.3616,10.3611,2.0,34.9993,2.0,,9.0,68.1,2.0,,9.0,,9.0,,9.0,,9.0,,9.0,,9.0,,9.0,,9.0,,9.0,,9.0,,9.0,,9.0,,9.0,,9.0,,9.0,,9.0,0.0,2.0,0.0,2.0,1.523,1.0,,9.0,,9.0,,9.0,0.004,2.0,99.63,2.0,10.3611,2.0,,,,,['I08N'],2019-12-05,2019-12-27,Akiko
430,27.0,1.0,32.0,,  I08N,1232.0,2.0,20191210.0,1418.0,-0.7489,80.0003,4735,202.6,13.3178,13.3202,2.0,35.1143,2.0,35.1137,2.0,68.6,2.0,68.1,2.0,20.47,2.0,26.08,2.0,0.01,2.0,1.79,2.0,0.04,2.0,1.786,2.0,1.023,2.0,0.012,2.0,0.624,2.0,2210.8,2.0,2308.4,2.0,,9.0,0.01,2.0,,9.0,,9.0,0.0,2.0,0.0,2.0,1.517,1.0,,9.0,,9.0,,9.0,-0.001,2.0,99.559,2.0,13.3202,2.0,,,,,['I08N'],2019-12-05,2019-12-27,Akiko
431,27.0,1.0,31.0,,  I08N,1231.0,2.0,20191210.0,1418.0,-0.7489,80.0003,4735,971.2,6.9588,6.9591,2.0,34.9359,2.0,,9.0,54.8,2.0,,9.0,,9.0,,9.0,,9.0,,9.0,,9.0,,9.0,,9.0,,9.0,,9.0,,9.0,,9.0,,9.0,,9.0,,9.0,,9.0,0.0,2.0,0.0,2.0,1.623,1.0,,9.0,,9.0,,9.0,0.002,2.0,99.79,2.0,6.9591,2.0,,,,,['I08N'],2019-12-05,2019-12-27,Akiko
432,27.0,1.0,30.0,,  I08N,1230.0,2.0,20191210.0,1418.0,-0.7489,80.0003,4735,280.2,12.4532,12.453,2.0,35.0889,2.0,35.089,2.0,82.2,2.0,82.4,2.0,20.71,2.0,25.83,2.0,0.01,2.0,1.76,2.0,0.04,2.0,1.856,2.0,1.05,2.0,0.018,2.0,0.662,2.0,2208.2,2.0,2313.8,2.0,,9.0,,9.0,,9.0,,9.0,0.0,2.0,0.0,2.0,1.508,1.0,,9.0,,9.0,,9.0,0.002,2.0,99.559,2.0,12.453,2.0,,,,,['I08N'],2019-12-05,2019-12-27,Akiko
433,27.0,1.0,29.0,,  I08N,1229.0,2.0,20191210.0,1418.0,-0.7489,80.0003,4735,372.2,11.0155,11.0153,2.0,35.0322,2.0,35.0317,2.0,67.4,2.0,67.2,2.0,27.49,2.0,29.74,2.0,0.01,2.0,2.03,2.0,0.04,2.0,1.432,2.0,0.781,2.0,0.015,2.0,0.429,2.0,2230.4,2.0,2313.3,2.0,,9.0,,9.0,,9.0,,9.0,0.0,2.0,0.0,2.0,1.525,1.0,,9.0,,9.0,,9.0,0.005,2.0,99.552,2.0,11.0153,2.0,,,,,['I08N'],2019-12-05,2019-12-27,Akiko
434,27.0,1.0,28.0,,  I08N,1228.0,2.0,20191210.0,1418.0,-0.7489,80.0003,4735,469.8,10.3617,10.3613,2.0,34.9994,2.0,34.9988,2.0,68.0,2.0,67.6,2.0,31.32,2.0,30.81,2.0,0.01,2.0,2.12,2.0,0.02,2.0,1.214,2.0,0.657,2.0,0.018,2.0,0.351,2.0,2233.8,2.0,2313.5,2.0,,9.0,,9.0,,9.0,,9.0,0.0,2.0,0.0,2.0,1.508,1.0,,9.0,,9.0,,9.0,0.005,2.0,99.62,2.0,10.3613,2.0,,,,,['I08N'],2019-12-05,2019-12-27,Akiko
435,27.0,1.0,27.0,,  I08N,1227.0,2.0,20191210.0,1418.0,-0.7489,80.0003,4735,570.6,9.9801,9.9802,2.0,35.0336,2.0,35.0327,2.0,54.7,2.0,54.6,2.0,38.74,2.0,32.5,2.0,0.01,2.0,2.3,2.0,0.02,2.0,0.886,2.0,0.479,2.0,0.01,2.0,0.246,2.0,2251.1,2.0,2325.8,2.0,,9.0,,9.0,,9.0,,9.0,0.0,2.0,0.0,2.0,1.547,1.0,,9.0,,9.0,,9.0,0.005,2.0,99.675,2.0,9.9802,2.0,,,,,['I08N'],2019-12-05,2019-12-27,Akiko
436,27.0,1.0,26.0,,  I08N,1226.0,2.0,20191210.0,1418.0,-0.7489,80.0003,4735,673.1,8.8613,8.8695,2.0,35.0136,2.0,35.0127,2.0,53.2,2.0,53.5,2.0,51.37,2.0,34.17,2.0,0.01,2.0,2.48,2.0,0.01,2.0,0.504,2.0,0.274,2.0,0.006,2.0,0.099,2.0,2265.8,6.0,2334.8,2.0,,9.0,,9.0,,9.0,,9.0,0.0,2.0,0.0,2.0,1.574,1.0,,9.0,,9.0,,9.0,0.004,2.0,99.729,2.0,8.8695,2.0,,,,,['I08N'],2019-12-05,2019-12-27,Akiko
437,27.0,1.0,24.0,,  I08N,1224.0,2.0,20191210.0,1418.0,-0.7489,80.0003,4735,869.9,7.9012,7.9046,2.0,34.9859,2.0,34.9813,2.0,44.2,2.0,44.6,2.0,67.17,2.0,36.4,2.0,0.0,2.0,2.67,2.0,0.03,2.0,0.16,2.0,0.087,2.0,0.002,2.0,0.093,2.0,2287.0,2.0,2350.8,2.0,,9.0,,9.0,,9.0,,9.0,0.0,2.0,0.0,2.0,1.623,1.0,,9.0,,9.0,,9.0,0.003,2.0,99.776,2.0,7.9046,2.0,,,,,['I08N'],2019-12-05,2019-12-27,Akiko
438,27.0,1.0,23.0,,  I08N,1223.0,2.0,20191210.0,1418.0,-0.7489,80.0003,4735,971.3,6.9487,6.9492,2.0,34.9359,2.0,34.9352,2.0,55.0,2.0,55.5,2.0,77.15,2.0,36.78,2.0,0.01,2.0,2.68,2.0,0.05,2.0,0.111,2.0,0.062,2.0,0.008,2.0,0.098,2.0,2295.3,2.0,2354.7,2.0,,9.0,,9.0,,9.0,,9.0,0.0,2.0,0.0,2.0,1.633,1.0,,9.0,,9.0,,9.0,0.001,2.0,99.792,2.0,6.9492,2.0,,,,,['I08N'],2019-12-05,2019-12-27,Akiko
439,27.0,1.0,22.0,,  I08N,1222.0,2.0,20191210.0,1418.0,-0.7489,80.0003,4735,1130.2,5.9722,5.9691,2.0,34.8995,2.0,34.8987,2.0,61.4,2.0,61.6,2.0,89.56,2.0,37.41,2.0,0.01,2.0,2.72,2.0,0.02,2.0,0.043,2.0,0.021,2.0,0.001,2.0,0.013,2.0,2305.6,2.0,2367.8,6.0,,9.0,,9.0,,9.0,,9.0,0.0,2.0,0.0,2.0,1.644,1.0,,9.0,,9.0,,9.0,0.002,2.0,99.822,2.0,5.9691,2.0,,,,,['I08N'],2019-12-05,2019-12-27,Akiko
440,27.0,1.0,21.0,,  I08N,1221.0,2.0,20191210.0,1418.0,-0.7489,80.0003,4735,1331.6,5.19,5.1935,2.0,34.8707,2.0,34.8695,2.0,73.9,2.0,74.0,2.0,97.14,2.0,37.4,2.0,0.02,2.0,2.71,2.0,0.02,2.0,0.037,2.0,0.016,2.0,0.005,2.0,0.027,2.0,2311.4,2.0,2373.8,2.0,,9.0,,9.0,,9.0,,9.0,0.0,2.0,0.0,2.0,1.635,1.0,,9.0,,9.0,,9.0,0.002,2.0,99.83,2.0,5.1935,2.0,,,,,['I08N'],2019-12-05,2019-12-27,Akiko
441,27.0,1.0,20.0,,  I08N,1220.0,2.0,20191210.0,1418.0,-0.7489,80.0003,4735,1530.9,4.0829,4.0827,2.0,34.8252,2.0,34.8242,2.0,97.0,2.0,96.7,2.0,106.87,2.0,36.71,2.0,0.01,2.0,2.64,2.0,0.01,2.0,0.017,2.0,0.007,2.0,0.004,2.0,0.009,2.0,2311.6,2.0,2382.1,2.0,,9.0,,9.0,,9.0,,9.0,0.0,2.0,0.0,2.0,1.625,1.0,,9.0,,9.0,,9.0,0.0,2.0,99.86,2.0,4.0827,2.0,,,,,['I08N'],2019-12-05,2019-12-27,Akiko
442,27.0,1.0,19.0,,  I08N,1219.0,2.0,20191210.0,1418.0,-0.7489,80.0003,4735,1730.1,3.3526,3.3546,2.0,34.799,2.0,34.7991,2.0,112.7,2.0,112.2,2.0,114.83,2.0,36.29,2.0,0.02,2.0,2.6,2.0,0.01,2.0,0.015,2.0,0.008,2.0,0.001,2.0,0.019,2.0,2312.6,2.0,2389.0,2.0,,9.0,,9.0,,9.0,,9.0,0.0,2.0,0.0,2.0,1.61,1.0,,9.0,,9.0,,9.0,0.0,2.0,99.854,2.0,3.3546,2.0,,,,,['I08N'],2019-12-05,2019-12-27,Akiko
443,27.0,1.0,18.0,,  I08N,1218.0,2.0,20191210.0,1418.0,-0.7489,80.0003,4735,1926.8,2.8306,2.8296,2.0,34.7776,2.0,34.7773,2.0,126.1,2.0,125.5,2.0,120.23,2.0,35.91,2.0,0.01,2.0,2.55,2.0,0.02,2.0,0.016,2.0,0.007,2.0,0.001,2.0,0.007,2.0,2313.4,2.0,2401.0,2.0,,9.0,,9.0,,9.0,,9.0,0.0,2.0,0.0,2.0,1.596,1.0,,9.0,,9.0,,9.0,0.001,2.0,99.86,2.0,2.8296,2.0,,,,,['I08N'],2019-12-05,2019-12-27,Akiko
444,27.0,1.0,17.0,,  I08N,1217.0,2.0,20191210.0,1418.0,-0.7489,80.0003,4735,2127.0,2.44,2.44,2.0,34.7623,2.0,34.7624,2.0,136.8,2.0,136.2,2.0,124.41,2.0,35.52,2.0,0.01,2.0,2.51,2.0,0.02,2.0,0.016,2.0,0.007,2.0,0.005,2.0,0.003,2.0,2311.7,2.0,2401.7,2.0,,9.0,,9.0,,9.0,,9.0,0.0,2.0,0.0,2.0,1.585,1.0,,9.0,,9.0,,9.0,0.0,2.0,99.866,2.0,2.44,2.0,,,,,['I08N'],2019-12-05,2019-12-27,Akiko
445,27.0,1.0,16.0,,  I08N,1216.0,2.0,20191210.0,1418.0,-0.7489,80.0003,4735,2327.7,2.211,2.2115,2.0,34.7511,2.0,34.7512,2.0,144.6,2.0,143.6,2.0,126.13,2.0,35.16,2.0,0.01,2.0,2.47,2.0,0.04,2.0,0.014,2.0,0.006,2.0,0.002,2.0,0.016,2.0,2311.2,6.0,2404.5,2.0,,9.0,,9.0,,9.0,,9.0,0.0,2.0,0.0,2.0,1.575,1.0,,9.0,,9.0,,9.0,-0.002,2.0,99.873,2.0,2.2115,2.0,,,,,['I08N'],2019-12-05,2019-12-27,Akiko
446,27.0,1.0,15.0,,  I08N,1215.0,2.0,20191210.0,1418.0,-0.7489,80.0003,4735,2532.5,2.0648,2.0644,2.0,34.7455,2.0,34.7453,2.0,149.0,2.0,148.6,2.0,127.87,2.0,35.0,2.0,0.01,2.0,2.45,2.0,0.04,2.0,0.019,2.0,0.008,2.0,0.002,2.0,0.043,2.0,2309.8,2.0,2402.7,2.0,,9.0,,9.0,,9.0,,9.0,0.0,2.0,0.0,2.0,1.561,1.0,,9.0,,9.0,,9.0,-0.001,2.0,99.881,2.0,2.0644,2.0,,,,,['I08N'],2019-12-05,2019-12-27,Akiko
447,27.0,1.0,14.0,,  I08N,1214.0,2.0,20191210.0,1418.0,-0.7489,80.0003,4735,2730.9,1.8921,1.8921,2.0,34.738,2.0,34.7378,2.0,155.0,2.0,154.9,2.0,129.5,2.0,34.89,2.0,0.01,2.0,2.44,2.0,0.06,2.0,0.017,2.0,0.007,2.0,0.001,2.0,0.003,2.0,2308.8,2.0,2403.5,2.0,,9.0,,9.0,,9.0,,9.0,0.0,2.0,0.0,2.0,1.537,1.0,,9.0,,9.0,,9.0,0.0,2.0,99.889,2.0,1.8921,2.0,,,,,['I08N'],2019-12-05,2019-12-27,Akiko
448,27.0,1.0,13.0,,  I08N,1213.0,2.0,20191210.0,1418.0,-0.7489,80.0003,4735,2930.7,1.7234,1.7241,2.0,34.7317,2.0,34.7309,2.0,158.9,2.0,158.7,2.0,131.87,2.0,34.5,2.0,0.01,2.0,2.4,2.0,0.04,2.0,0.014,2.0,0.007,2.0,0.001,2.0,0.028,2.0,2310.1,2.0,2409.4,2.0,,9.0,,9.0,,9.0,,9.0,0.0,2.0,0.0,2.0,1.539,1.0,,9.0,,9.0,,9.0,-0.001,2.0,99.885,2.0,1.7241,2.0,,,,,['I08N'],2019-12-05,2019-12-27,Akiko
449,27.0,1.0,12.0,,  I08N,1212.0,2.0,20191210.0,1418.0,-0.7489,80.0003,4735,3170.2,1.621,1.6209,2.0,34.7278,2.0,34.7276,2.0,161.4,2.0,161.1,2.0,134.67,2.0,34.63,2.0,0.02,2.0,2.4,2.0,0.05,2.0,0.022,2.0,0.01,2.0,0.005,2.0,0.042,2.0,2314.1,3.0,2412.0,6.0,,9.0,,9.0,,9.0,,9.0,0.0,2.0,0.0,2.0,1.543,1.0,,9.0,,9.0,,9.0,0.0,2.0,99.9,2.0,1.6209,2.0,,,,,['I08N'],2019-12-05,2019-12-27,Akiko
450,27.0,1.0,11.0,,  I08N,1211.0,2.0,20191210.0,1418.0,-0.7489,80.0003,4735,3419.8,1.5271,1.5271,2.0,34.7243,2.0,34.7238,2.0,163.6,2.0,163.3,2.0,136.98,2.0,34.58,2.0,0.01,2.0,2.4,2.0,0.07,2.0,0.016,2.0,0.007,2.0,0.0,2.0,0.002,2.0,2316.4,3.0,2418.7,2.0,,9.0,,9.0,,9.0,,9.0,0.0,2.0,0.0,2.0,1.546,1.0,,9.0,,9.0,,9.0,-0.001,2.0,99.906,2.0,1.5271,2.0,,,,,['I08N'],2019-12-05,2019-12-27,Akiko
451,27.0,1.0,10.0,,  I08N,1210.0,2.0,20191210.0,1418.0,-0.7489,80.0003,4735,3671.2,1.4208,1.4208,2.0,34.7203,2.0,34.7199,2.0,169.2,2.0,168.7,2.0,137.52,2.0,34.39,2.0,0.01,2.0,2.37,2.0,0.06,2.0,0.017,2.0,0.006,2.0,0.004,2.0,0.005,2.0,2310.7,2.0,2418.0,2.0,,9.0,,9.0,,9.0,,9.0,0.0,2.0,0.0,2.0,1.533,1.0,,9.0,,9.0,,9.0,-0.001,2.0,99.917,2.0,1.4208,2.0,,,,,['I08N'],2019-12-05,2019-12-27,Akiko
452,27.0,1.0,9.0,,  I08N,1209.0,2.0,20191210.0,1418.0,-0.7489,80.0003,4735,3922.6,1.3803,1.3803,2.0,34.7183,2.0,34.718,2.0,173.7,2.0,173.5,2.0,136.32,2.0,34.25,2.0,0.0,2.0,2.34,2.0,0.04,2.0,0.019,2.0,0.008,2.0,0.004,2.0,0.007,2.0,2307.0,2.0,2414.7,2.0,,9.0,,9.0,,9.0,,9.0,0.0,2.0,0.0,2.0,1.497,1.0,,9.0,,9.0,,9.0,0.0,2.0,99.925,2.0,1.3803,2.0,,,,,['I08N'],2019-12-05,2019-12-27,Akiko
453,27.0,1.0,8.0,,  I08N,1208.0,2.0,20191210.0,1418.0,-0.7489,80.0003,4735,4170.8,1.393,1.3931,2.0,34.7179,2.0,34.7175,2.0,174.7,2.0,174.5,2.0,136.35,2.0,34.28,2.0,0.01,2.0,2.35,2.0,0.04,2.0,0.015,2.0,0.007,2.0,0.01,2.0,0.017,2.0,2307.2,6.0,2416.8,2.0,,9.0,,9.0,,9.0,,9.0,0.0,2.0,0.0,2.0,1.504,1.0,,9.0,,9.0,,9.0,-0.001,2.0,99.923,2.0,1.3931,2.0,,,,,['I08N'],2019-12-05,2019-12-27,Akiko
454,27.0,1.0,7.0,,  I08N,1207.0,2.0,20191210.0,1418.0,-0.7489,80.0003,4735,4418.6,1.4071,1.4071,2.0,34.7174,2.0,34.7174,2.0,175.9,2.0,175.8,2.0,135.86,2.0,34.05,2.0,0.01,2.0,2.35,2.0,0.03,2.0,0.015,2.0,0.006,2.0,0.005,2.0,0.013,2.0,2308.3,2.0,2410.7,2.0,,9.0,,9.0,,9.0,,9.0,0.0,2.0,0.0,2.0,1.51,1.0,,9.0,,9.0,,9.0,-0.002,2.0,99.925,2.0,1.4071,2.0,,,,,['I08N'],2019-12-05,2019-12-27,Akiko
455,27.0,1.0,6.0,,  I08N,1206.0,2.0,20191210.0,1418.0,-0.7489,80.0003,4735,4672.1,1.4285,1.4285,2.0,34.7174,2.0,34.7167,2.0,176.9,2.0,177.0,2.0,135.5,2.0,34.09,2.0,0.01,2.0,2.34,2.0,0.02,2.0,0.015,2.0,0.006,2.0,0.001,2.0,0.012,2.0,2305.1,2.0,2411.2,6.0,,9.0,,9.0,,9.0,,9.0,0.0,2.0,0.0,2.0,1.503,1.0,,9.0,,9.0,,9.0,-0.001,2.0,99.944,2.0,1.4285,2.0,,,,,['I08N'],2019-12-05,2019-12-27,Akiko
456,27.0,1.0,5.0,,  I08N,1205.0,2.0,20191210.0,1418.0,-0.7489,80.0003,4735,1927.5,2.8355,2.835,2.0,34.7777,2.0,,9.0,126.0,2.0,,9.0,,9.0,,9.0,,9.0,,9.0,,9.0,,9.0,,9.0,,9.0,,9.0,,9.0,,9.0,,9.0,,9.0,,9.0,,9.0,0.0,2.0,0.0,2.0,1.592,1.0,,9.0,,9.0,,9.0,0.001,2.0,99.854,2.0,2.835,2.0,,,,,['I08N'],2019-12-05,2019-12-27,Akiko
457,27.0,1.0,4.0,,  I08N,1204.0,2.0,20191210.0,1418.0,-0.7489,80.0003,4735,2930.0,1.7243,1.7244,2.0,34.7318,2.0,,9.0,158.9,2.0,,9.0,,9.0,,9.0,,9.0,,9.0,,9.0,,9.0,,9.0,,9.0,,9.0,,9.0,,9.0,,9.0,,9.0,,9.0,,9.0,0.0,2.0,0.0,2.0,1.536,1.0,,9.0,,9.0,,9.0,-0.001,2.0,99.885,2.0,1.7244,2.0,,,,,['I08N'],2019-12-05,2019-12-27,Akiko
458,27.0,1.0,3.0,,  I08N,1203.0,2.0,20191210.0,1418.0,-0.7489,80.0003,4735,3920.7,1.3801,1.3802,2.0,34.7184,2.0,,9.0,173.7,2.0,,9.0,,9.0,,9.0,,9.0,,9.0,,9.0,,9.0,,9.0,,9.0,,9.0,,9.0,,9.0,,9.0,,9.0,,9.0,,9.0,0.0,2.0,0.0,2.0,1.492,1.0,,9.0,,9.0,,9.0,0.0,2.0,99.923,2.0,1.3802,2.0,,,,,['I08N'],2019-12-05,2019-12-27,Akiko
459,27.0,1.0,2.0,,  I08N,12046.0,2.0,20191210.0,1418.0,-0.7489,80.0003,4735,4797.0,1.4282,1.4283,2.0,34.717,2.0,,9.0,178.0,2.0,,9.0,,9.0,,9.0,,9.0,,9.0,,9.0,,9.0,,9.0,,9.0,,9.0,,9.0,,9.0,,9.0,,9.0,,9.0,,9.0,0.0,2.0,0.0,2.0,1.492,1.0,,9.0,,9.0,,9.0,-0.001,2.0,99.913,2.0,1.4283,2.0,,,,,['I08N'],2019-12-05,2019-12-27,Akiko
460,27.0,1.0,1.0,,  I08N,1201.0,2.0,20191210.0,1418.0,-0.7489,80.0003,4735,4797.8,1.4282,1.4284,2.0,34.717,2.0,34.7171,2.0,177.9,2.0,177.9,2.0,135.19,2.0,34.05,2.0,0.01,2.0,2.34,2.0,0.02,2.0,0.018,2.0,0.006,2.0,0.006,2.0,0.008,2.0,2303.9,2.0,2411.0,2.0,,9.0,,9.0,,9.0,,9.0,0.0,2.0,0.0,2.0,1.492,1.0,,9.0,,9.0,,9.0,-0.001,2.0,99.919,2.0,1.4284,2.0,,,,,['I08N'],2019-12-05,2019-12-27,Akiko
461,29.0,1.0,36.0,,  I08N,1236.0,2.0,20191211.0,8.0,-1.3341,80.0009,4834,10.7,28.6915,28.6899,2.0,34.3933,2.0,34.3916,2.0,196.2,2.0,196.1,2.0,0.9,2.0,0.02,2.0,0.01,2.0,0.14,2.0,0.04,2.0,1.49,2.0,0.915,2.0,0.117,2.0,1.592,2.0,1950.5,2.0,2258.1,2.0,70.0,2.0,0.15,2.0,36.4,2.0,278.2,2.0,285.406,2.0,285.406,2.0,1.178,1.0,0.262,2.0,0.136,2.0,0.011,2.0,0.159,2.0,98.409,2.0,28.6899,2.0,,,,,['I08N'],2019-12-05,2019-12-27,Akiko
462,29.0,1.0,35.0,,  I08N,1235.0,2.0,20191211.0,8.0,-1.3341,80.0009,4834,49.7,28.5136,28.5127,2.0,34.5177,2.0,34.5178,2.0,194.7,2.0,194.6,2.0,1.02,2.0,0.03,2.0,0.02,2.0,0.15,2.0,0.08,2.0,1.483,2.0,0.917,2.0,0.111,2.0,1.58,2.0,1958.7,2.0,2266.3,2.0,71.3,2.0,0.29,2.0,25.4,2.0,287.3,2.0,20.703,2.0,20.703,2.0,1.262,1.0,0.302,2.0,0.172,2.0,0.026,2.0,0.336,2.0,98.161,2.0,28.5127,2.0,,,,,['I08N'],2019-12-05,2019-12-27,Akiko
463,29.0,1.0,34.0,,  I08N,1234.0,2.0,20191211.0,8.0,-1.3341,80.0009,4834,102.7,20.7959,20.7762,2.0,35.2082,2.0,35.2228,2.0,99.5,2.0,100.7,2.0,10.08,2.0,15.26,2.0,0.09,2.0,1.1,2.0,0.01,2.0,1.827,2.0,1.073,2.0,0.045,2.0,1.244,2.0,2126.7,2.0,2306.7,2.0,52.7,2.0,0.23,2.0,25.4,2.0,367.8,2.0,0.491,2.0,0.491,2.0,1.43,1.0,0.357,2.0,0.216,2.0,0.03,2.0,0.273,2.0,99.176,2.0,20.7762,2.0,,,,,['I08N'],2019-12-05,2019-12-27,Akiko
464,29.0,1.0,33.0,,  I08N,1233.0,2.0,20191211.0,8.0,-1.3341,80.0009,4834,151.7,15.0329,15.0319,2.0,35.1511,2.0,35.1488,2.0,73.8,2.0,73.6,2.0,17.66,2.0,23.44,2.0,0.01,2.0,1.62,2.0,0.02,2.0,1.95,2.0,1.099,2.0,0.013,2.0,0.852,2.0,2194.8,2.0,2311.0,2.0,49.2,2.0,0.01,2.0,33.6,2.0,422.1,2.0,0.0,2.0,0.0,2.0,1.51,1.0,0.315,2.0,0.188,2.0,0.032,2.0,0.009,2.0,99.587,2.0,15.0319,2.0,,,,,['I08N'],2019-12-05,2019-12-27,Akiko
465,29.0,1.0,32.0,,  I08N,1232.0,2.0,20191211.0,8.0,-1.3341,80.0009,4834,200.2,13.5157,13.5154,2.0,35.1156,2.0,35.1154,2.0,67.4,2.0,66.7,2.0,20.23,2.0,25.88,2.0,0.01,2.0,1.78,2.0,0.02,2.0,1.872,2.0,1.028,2.0,0.01,2.0,0.72,2.0,2213.7,2.0,2310.5,2.0,44.9,2.0,0.01,2.0,93.9,2.0,448.7,2.0,0.0,2.0,0.0,2.0,1.527,1.0,0.293,2.0,0.171,2.0,0.024,2.0,-0.001,2.0,99.57,2.0,13.5154,2.0,,,,,['I08N'],2019-12-05,2019-12-27,Akiko
466,29.0,1.0,31.0,,  I08N,1231.0,2.0,20191211.0,8.0,-1.3341,80.0009,4834,250.2,12.8998,12.9002,2.0,35.1019,2.0,35.1018,2.0,75.8,2.0,75.5,2.0,20.37,2.0,25.69,2.0,0.01,2.0,1.76,2.0,0.03,2.0,1.905,2.0,1.049,2.0,0.012,2.0,0.647,2.0,2211.0,2.0,2312.1,2.0,51.2,2.0,0.01,2.0,8.6,2.0,408.8,2.0,0.0,2.0,0.0,2.0,1.515,1.0,,9.0,,9.0,,9.0,-0.001,2.0,99.57,2.0,12.9002,2.0,,,,,['I08N'],2019-12-05,2019-12-27,Akiko
467,29.0,1.0,30.0,,  I08N,1230.0,2.0,20191211.0,8.0,-1.3341,80.0009,4834,299.2,12.0323,12.0314,2.0,35.0601,2.0,35.0585,2.0,87.8,2.0,87.6,2.0,20.97,2.0,25.74,2.0,0.01,2.0,1.76,2.0,0.02,2.0,1.949,2.0,1.056,2.0,0.015,2.0,0.656,2.0,2216.0,2.0,2310.6,2.0,44.2,2.0,,9.0,13.0,2.0,428.2,2.0,0.0,2.0,0.0,2.0,1.483,1.0,0.323,2.0,0.199,2.0,0.038,2.0,0.003,2.0,99.58,2.0,12.0314,2.0,,,,,['I08N'],2019-12-05,2019-12-27,Akiko
468,29.0,1.0,29.0,,  I08N,1229.0,2.0,20191211.0,8.0,-1.3341,80.0009,4834,400.0,10.7769,10.777,2.0,35.0094,2.0,35.0101,2.0,75.6,2.0,74.9,2.0,27.34,2.0,29.27,2.0,0.01,2.0,1.99,2.0,0.02,2.0,1.511,2.0,0.803,2.0,0.015,2.0,0.444,2.0,2226.7,2.0,2310.8,2.0,42.1,2.0,,9.0,26.0,2.0,435.4,2.0,0.0,2.0,0.0,2.0,1.496,1.0,0.313,2.0,0.186,2.0,0.032,2.0,0.004,2.0,99.585,2.0,10.777,2.0,,,,,['I08N'],2019-12-05,2019-12-27,Akiko
469,29.0,1.0,28.0,,  I08N,1228.0,2.0,20191211.0,8.0,-1.3341,80.0009,4834,499.7,10.0665,10.0649,2.0,34.9987,2.0,34.9987,2.0,61.1,2.0,61.1,2.0,35.73,2.0,31.9,2.0,0.01,2.0,2.23,2.0,0.02,2.0,0.96,2.0,0.519,2.0,0.009,2.0,0.218,2.0,2248.7,2.0,2317.6,2.0,41.0,2.0,,9.0,14.4,2.0,438.5,2.0,0.0,2.0,0.0,2.0,1.551,1.0,0.3,2.0,0.174,2.0,0.022,2.0,0.003,2.0,99.639,2.0,10.0649,2.0,,,,,['I08N'],2019-12-05,2019-12-27,Akiko
470,29.0,1.0,27.0,,  I08N,1227.0,2.0,20191211.0,8.0,-1.3341,80.0009,4834,598.9,9.5306,9.5318,2.0,35.0013,2.0,35.0026,2.0,55.3,2.0,54.8,2.0,42.76,2.0,33.36,2.0,0.02,2.0,2.37,2.0,0.0,2.0,0.695,2.0,0.379,2.0,0.008,2.0,0.176,2.0,2258.1,2.0,2321.6,2.0,44.1,2.0,,9.0,27.2,2.0,453.6,2.0,0.0,2.0,0.0,2.0,1.567,1.0,0.32,2.0,0.195,2.0,0.035,2.0,0.003,2.0,99.684,2.0,9.5318,2.0,,,,,['I08N'],2019-12-05,2019-12-27,Akiko
471,29.0,1.0,26.0,,  I08N,1226.0,2.0,20191211.0,8.0,-1.3341,80.0009,4834,700.1,8.5715,8.5718,2.0,34.994,2.0,34.9905,2.0,52.8,2.0,53.5,2.0,54.38,2.0,34.55,2.0,0.01,2.0,2.5,2.0,0.02,2.0,0.414,2.0,0.232,2.0,0.007,2.0,0.118,2.0,2271.6,6.0,2340.5,2.0,39.3,2.0,,9.0,20.8,2.0,451.5,2.0,0.0,2.0,0.0,2.0,1.59,1.0,,9.0,,9.0,,9.0,0.002,2.0,99.73,2.0,8.5718,2.0,,,,,['I08N'],2019-12-05,2019-12-27,Akiko
472,29.0,1.0,25.0,,  I08N,1225.0,2.0,20191211.0,8.0,-1.3341,80.0009,4834,799.6,8.1386,8.1384,2.0,34.9883,2.0,34.99,2.0,47.3,2.0,46.1,2.0,62.87,2.0,35.76,2.0,0.01,2.0,2.6,2.0,0.02,2.0,0.218,2.0,0.123,2.0,0.002,2.0,0.033,2.0,2286.6,2.0,2349.8,2.0,40.2,2.0,,9.0,15.6,2.0,418.3,2.0,0.0,2.0,0.0,2.0,1.603,1.0,0.347,2.0,0.211,2.0,0.041,2.0,0.002,2.0,99.753,2.0,8.1384,2.0,,,,,['I08N'],2019-12-05,2019-12-27,Akiko
473,29.0,1.0,24.0,,  I08N,1224.0,2.0,20191211.0,8.0,-1.3341,80.0009,4834,900.2,7.2139,7.214,2.0,34.9134,2.0,34.9147,2.0,52.6,2.0,52.6,2.0,73.39,2.0,36.67,2.0,0.01,2.0,2.66,2.0,0.02,2.0,0.096,2.0,0.053,2.0,0.002,2.0,0.002,2.0,2293.8,2.0,2353.0,2.0,39.4,2.0,,9.0,47.5,2.0,428.3,2.0,0.0,2.0,0.0,2.0,1.62,1.0,,9.0,,9.0,,9.0,0.001,2.0,99.8,2.0,7.214,2.0,,,,,['I08N'],2019-12-05,2019-12-27,Akiko
474,29.0,1.0,23.0,,  I08N,1223.0,2.0,20191211.0,8.0,-1.3341,80.0009,4834,997.1,6.6087,6.6072,2.0,34.9222,2.0,34.9185,2.0,56.6,2.0,56.9,2.0,81.39,2.0,36.87,2.0,0.01,2.0,2.7,2.0,0.02,2.0,0.08,2.0,0.043,2.0,0.001,2.0,0.008,2.0,2302.9,2.0,2364.6,2.0,38.6,2.0,,9.0,52.7,2.0,431.7,2.0,0.0,2.0,0.0,2.0,1.625,1.0,0.359,2.0,0.217,2.0,0.045,2.0,0.002,2.0,99.795,2.0,6.6072,2.0,,,,,['I08N'],2019-12-05,2019-12-27,Akiko
475,29.0,1.0,22.0,,  I08N,1222.0,2.0,20191211.0,8.0,-1.3341,80.0009,4834,1199.7,5.6583,5.6598,2.0,34.8837,2.0,34.883,2.0,67.6,2.0,67.6,2.0,91.59,2.0,37.13,2.0,0.01,2.0,2.7,2.0,0.03,2.0,0.038,2.0,0.019,2.0,0.002,2.0,0.008,2.0,2310.3,2.0,2374.6,6.0,40.0,2.0,,9.0,14.9,2.0,434.7,2.0,0.0,2.0,0.0,2.0,1.629,1.0,,9.0,,9.0,,9.0,0.002,2.0,99.808,2.0,5.6598,2.0,,,,,['I08N'],2019-12-05,2019-12-27,Akiko
476,29.0,1.0,21.0,,  I08N,1221.0,2.0,20191211.0,8.0,-1.3341,80.0009,4834,1398.9,4.8688,4.8683,2.0,34.8561,2.0,34.8557,2.0,81.7,2.0,82.7,2.0,99.15,2.0,36.9,2.0,0.01,2.0,2.69,2.0,0.02,2.0,0.025,2.0,0.012,2.0,0.001,2.0,0.004,2.0,2312.9,2.0,2381.2,2.0,38.6,2.0,,9.0,118.4,2.0,441.6,2.0,0.0,2.0,0.0,2.0,1.624,1.0,0.336,2.0,0.203,2.0,0.034,2.0,0.001,2.0,99.825,2.0,4.8683,2.0,,,,,['I08N'],2019-12-05,2019-12-27,Akiko
477,29.0,1.0,20.0,,  I08N,1220.0,2.0,20191211.0,8.0,-1.3341,80.0009,4834,1600.7,3.9288,3.9286,2.0,34.8131,2.0,34.8128,2.0,100.2,2.0,100.3,2.0,108.07,2.0,36.57,2.0,0.01,2.0,2.64,2.0,0.04,2.0,0.014,2.0,0.005,2.0,0.0,2.0,0.024,2.0,2315.0,2.0,2387.5,2.0,34.4,2.0,,9.0,28.0,2.0,442.5,2.0,0.0,2.0,0.0,2.0,1.605,1.0,,9.0,,9.0,,9.0,0.001,2.0,99.854,2.0,3.9286,2.0,,,,,['I08N'],2019-12-05,2019-12-27,Akiko
478,29.0,1.0,19.0,,  I08N,1219.0,2.0,20191211.0,8.0,-1.3341,80.0009,4834,1799.7,3.2594,3.2594,2.0,34.7879,2.0,34.7876,2.0,116.5,2.0,116.6,2.0,114.36,2.0,36.05,2.0,0.01,2.0,2.58,2.0,0.03,2.0,0.012,2.0,0.004,2.0,0.009,2.0,0.01,2.0,2318.7,3.0,2390.1,2.0,34.6,2.0,,9.0,,9.0,,9.0,0.0,2.0,0.0,2.0,1.588,1.0,0.367,2.0,0.226,2.0,0.045,2.0,0.001,2.0,99.861,2.0,3.2594,2.0,,,,,['I08N'],2019-12-05,2019-12-27,Akiko
479,29.0,1.0,18.0,,  I08N,1218.0,2.0,20191211.0,8.0,-1.3341,80.0009,4834,2000.9,2.7423,2.741,2.0,34.7708,2.0,34.7705,2.0,128.8,2.0,128.9,2.0,120.54,2.0,35.65,2.0,0.01,2.0,2.54,2.0,0.03,2.0,0.013,2.0,0.004,2.0,0.003,2.0,0.003,2.0,2313.4,2.0,2396.5,2.0,36.5,2.0,,9.0,,9.0,,9.0,0.0,2.0,0.0,2.0,1.584,1.0,,9.0,,9.0,,9.0,-0.001,2.0,99.865,2.0,2.741,2.0,,,,,['I08N'],2019-12-05,2019-12-27,Akiko
480,29.0,1.0,17.0,,  I08N,1217.0,2.0,20191211.0,8.0,-1.3341,80.0009,4834,2200.8,2.3687,2.3694,2.0,34.7568,2.0,34.7561,2.0,139.4,2.0,139.7,2.0,124.39,2.0,35.26,2.0,0.01,2.0,2.49,2.0,0.01,2.0,0.015,2.0,0.005,2.0,0.001,2.0,0.046,2.0,2313.5,2.0,2405.8,2.0,33.7,2.0,,9.0,,9.0,,9.0,0.0,2.0,0.0,2.0,1.566,1.0,0.324,2.0,0.194,2.0,0.036,2.0,0.0,2.0,99.878,2.0,2.3694,2.0,,,,,['I08N'],2019-12-05,2019-12-27,Akiko
481,29.0,1.0,16.0,,  I08N,1216.0,2.0,20191211.0,8.0,-1.3341,80.0009,4834,2399.4,2.1527,2.1525,2.0,34.7486,2.0,34.7483,2.0,146.4,2.0,146.5,2.0,126.63,2.0,35.0,2.0,0.01,2.0,2.46,2.0,0.01,2.0,0.015,2.0,0.004,2.0,0.0,2.0,0.003,2.0,2312.8,6.0,2408.5,2.0,38.7,2.0,,9.0,,9.0,,9.0,0.0,2.0,0.0,2.0,1.553,1.0,,9.0,,9.0,,9.0,0.0,2.0,99.878,2.0,2.1525,2.0,,,,,['I08N'],2019-12-05,2019-12-27,Akiko
482,29.0,1.0,15.0,,  I08N,1215.0,2.0,20191211.0,8.0,-1.3341,80.0009,4834,2599.5,1.9707,1.9711,2.0,34.7417,2.0,34.7415,2.0,152.1,2.0,152.2,2.0,128.33,2.0,34.69,2.0,0.01,2.0,2.43,2.0,0.04,2.0,0.014,2.0,0.004,2.0,0.0,2.0,0.01,2.0,2311.3,2.0,2403.4,2.0,36.0,2.0,,9.0,,9.0,,9.0,0.0,2.0,0.0,2.0,1.54,1.0,0.309,2.0,0.181,2.0,0.032,2.0,-0.001,2.0,99.875,2.0,1.9711,2.0,,,,,['I08N'],2019-12-05,2019-12-27,Akiko
483,29.0,1.0,14.0,,  I08N,1214.0,2.0,20191211.0,8.0,-1.3341,80.0009,4834,2801.1,1.8842,1.8867,2.0,34.7373,2.0,34.7363,2.0,156.4,2.0,156.5,2.0,128.59,2.0,34.47,2.0,0.01,2.0,2.41,2.0,0.02,2.0,0.016,2.0,0.005,2.0,0.007,2.0,0.017,2.0,2310.4,2.0,2405.6,2.0,39.0,2.0,,9.0,,9.0,,9.0,0.0,2.0,0.0,2.0,1.523,1.0,,9.0,,9.0,,9.0,0.0,2.0,99.886,2.0,1.8867,2.0,,,,,['I08N'],2019-12-05,2019-12-27,Akiko
484,29.0,1.0,13.0,,  I08N,1213.0,2.0,20191211.0,8.0,-1.3341,80.0009,4834,3001.1,1.6813,1.6812,2.0,34.7294,2.0,34.7292,2.0,162.6,2.0,162.7,2.0,130.82,2.0,34.4,2.0,0.01,2.0,2.38,2.0,0.02,2.0,0.013,2.0,0.005,2.0,0.001,2.0,0.003,2.0,2310.8,2.0,2405.0,2.0,41.0,2.0,,9.0,,9.0,,9.0,0.0,2.0,0.0,2.0,1.517,1.0,0.291,2.0,0.169,2.0,0.027,2.0,-0.001,2.0,99.886,2.0,1.6812,2.0,,,,,['I08N'],2019-12-05,2019-12-27,Akiko
485,29.0,1.0,12.0,,  I08N,1212.0,2.0,20191211.0,8.0,-1.3341,80.0009,4834,3248.5,1.5926,1.5925,2.0,34.7267,2.0,34.7262,2.0,162.0,2.0,162.1,2.0,135.17,2.0,34.59,2.0,0.01,2.0,2.4,2.0,0.03,2.0,0.014,2.0,0.005,2.0,0.002,2.0,0.003,2.0,2314.9,2.0,2420.4,6.0,39.0,2.0,,9.0,,9.0,,9.0,0.0,2.0,0.0,2.0,1.539,1.0,,9.0,,9.0,,9.0,0.0,2.0,99.884,2.0,1.5925,2.0,,,,,['I08N'],2019-12-05,2019-12-27,Akiko
486,29.0,1.0,11.0,,  I08N,1211.0,2.0,20191211.0,8.0,-1.3341,80.0009,4834,3500.5,1.4782,1.4782,2.0,34.7226,2.0,34.7213,2.0,165.7,2.0,165.7,2.0,137.28,2.0,34.5,2.0,0.01,2.0,2.38,2.0,0.03,2.0,0.014,2.0,0.004,2.0,0.001,2.0,0.004,2.0,2316.1,2.0,2412.9,2.0,34.6,2.0,,9.0,,9.0,,9.0,0.0,2.0,0.0,2.0,1.532,1.0,0.296,2.0,0.172,2.0,0.025,2.0,0.0,2.0,99.903,2.0,1.4782,2.0,,,,,['I08N'],2019-12-05,2019-12-27,Akiko
487,29.0,1.0,10.0,,  I08N,1210.0,2.0,20191211.0,8.0,-1.3341,80.0009,4834,3748.5,1.4046,1.4046,2.0,34.7197,2.0,34.7189,2.0,171.6,2.0,171.8,2.0,136.34,2.0,34.19,2.0,0.01,2.0,2.36,2.0,0.03,2.0,0.015,2.0,0.005,2.0,0.003,2.0,0.004,2.0,2319.4,3.0,2412.1,2.0,42.0,2.0,,9.0,,9.0,,9.0,0.0,2.0,0.0,2.0,1.511,1.0,,9.0,,9.0,,9.0,0.0,2.0,99.915,2.0,1.4046,2.0,,,,,['I08N'],2019-12-05,2019-12-27,Akiko
488,29.0,1.0,9.0,,  I08N,1209.0,2.0,20191211.0,8.0,-1.3341,80.0009,4834,4001.3,1.3917,1.3916,2.0,34.7186,2.0,34.7178,2.0,173.8,2.0,173.8,2.0,135.9,2.0,34.03,2.0,0.01,2.0,2.35,2.0,0.03,2.0,0.022,2.0,0.007,2.0,0.002,2.0,0.023,2.0,2310.4,2.0,2420.1,2.0,42.1,2.0,,9.0,,9.0,,9.0,0.0,2.0,0.0,2.0,1.501,1.0,0.289,2.0,0.161,2.0,0.027,2.0,-0.001,2.0,99.913,2.0,1.3916,2.0,,,,,['I08N'],2019-12-05,2019-12-27,Akiko
489,29.0,1.0,7.0,,  I08N,1207.0,2.0,20191211.0,8.0,-1.3341,80.0009,4834,4503.0,1.4125,1.4124,2.0,34.7176,2.0,34.7174,2.0,176.5,2.0,176.8,2.0,135.44,2.0,33.93,2.0,0.01,2.0,2.34,2.0,0.05,2.0,0.023,2.0,0.008,2.0,0.001,2.0,0.003,2.0,2307.3,2.0,2420.4,2.0,41.9,2.0,,9.0,,9.0,,9.0,0.0,2.0,0.0,2.0,1.486,1.0,0.297,2.0,0.173,2.0,0.033,2.0,-0.001,2.0,99.93,2.0,1.4124,2.0,,,,,['I08N'],2019-12-05,2019-12-27,Akiko
490,29.0,1.0,6.0,,  I08N,1206.0,2.0,20191211.0,8.0,-1.3341,80.0009,4834,4748.6,1.4303,1.4304,2.0,34.7174,2.0,34.7173,2.0,177.0,2.0,177.4,2.0,135.18,2.0,33.89,2.0,0.01,2.0,2.34,2.0,0.05,2.0,0.028,2.0,0.005,2.0,0.001,2.0,0.03,2.0,2307.7,2.0,2421.5,6.0,41.4,2.0,,9.0,,9.0,,9.0,0.0,2.0,0.0,2.0,1.495,1.0,,9.0,,9.0,,9.0,-0.001,2.0,99.905,2.0,1.4304,2.0,,,,,['I08N'],2019-12-05,2019-12-27,Akiko
491,29.0,1.0,2.0,,  I08N,12046.0,2.0,20191211.0,8.0,-1.3341,80.0009,4834,55.0,28.4018,28.399,2.0,34.5225,2.0,34.5232,2.0,193.2,2.0,194.0,2.0,1.1,2.0,0.07,2.0,0.02,2.0,0.16,2.0,0.11,2.0,,9.0,,9.0,,9.0,,9.0,1960.3,2.0,2272.6,2.0,70.2,2.0,0.32,2.0,57.9,2.0,265.9,2.0,14.575,2.0,14.575,2.0,1.272,1.0,0.273,2.0,0.151,2.0,0.017,2.0,0.398,2.0,98.131,2.0,28.399,2.0,,,,,['I08N'],2019-12-05,2019-12-27,Akiko
492,29.0,1.0,1.0,,  I08N,1201.0,2.0,20191211.0,8.0,-1.3341,80.0009,4834,4885.2,1.4333,1.4334,2.0,34.717,2.0,34.717,2.0,178.2,2.0,178.9,2.0,134.67,2.0,33.77,2.0,0.01,2.0,2.32,2.0,0.03,2.0,0.02,2.0,0.005,2.0,0.0,2.0,0.005,2.0,2305.0,2.0,2416.0,2.0,45.4,2.0,,9.0,,9.0,,9.0,0.0,2.0,0.0,2.0,1.482,1.0,0.296,2.0,0.168,2.0,0.03,2.0,-0.001,2.0,99.903,2.0,1.4334,2.0,,,,,['I08N'],2019-12-05,2019-12-27,Akiko
493,30.0,1.0,36.0,,  I08N,1236.0,2.0,20191211.0,612.0,-1.6659,79.9997,4904,4751.1,1.4316,1.4317,2.0,34.7173,2.0,34.717,2.0,177.5,2.0,177.5,2.0,,9.0,,9.0,,9.0,,9.0,,9.0,,9.0,,9.0,,9.0,,9.0,,9.0,,9.0,,9.0,,9.0,,9.0,,9.0,0.0,2.0,0.0,2.0,1.485,1.0,,9.0,,9.0,,9.0,0.0,2.0,99.914,2.0,1.4317,2.0,,,,,['I08N'],2019-12-05,2019-12-27,Akiko
494,30.0,1.0,35.0,,  I08N,1235.0,2.0,20191211.0,612.0,-1.6659,79.9997,4904,4750.4,1.4318,1.4317,2.0,34.7172,2.0,34.717,2.0,177.5,2.0,177.4,2.0,,9.0,,9.0,,9.0,,9.0,,9.0,,9.0,,9.0,,9.0,,9.0,,9.0,,9.0,,9.0,,9.0,,9.0,,9.0,0.0,2.0,0.0,2.0,1.494,1.0,,9.0,,9.0,,9.0,-0.001,2.0,99.916,2.0,1.4317,2.0,,,,,['I08N'],2019-12-05,2019-12-27,Akiko
495,30.0,1.0,34.0,,  I08N,1234.0,2.0,20191211.0,612.0,-1.6659,79.9997,4904,4750.2,1.4318,1.4318,2.0,34.7172,2.0,34.7168,2.0,177.5,2.0,177.4,2.0,,9.0,,9.0,,9.0,,9.0,,9.0,,9.0,,9.0,,9.0,,9.0,,9.0,,9.0,,9.0,,9.0,,9.0,,9.0,0.0,2.0,0.0,2.0,1.483,1.0,,9.0,,9.0,,9.0,0.0,2.0,99.914,2.0,1.4318,2.0,,,,,['I08N'],2019-12-05,2019-12-27,Akiko
496,30.0,1.0,33.0,,  I08N,1233.0,2.0,20191211.0,612.0,-1.6659,79.9997,4904,4750.9,1.4318,1.4318,2.0,34.7172,2.0,34.7171,2.0,177.5,2.0,177.4,2.0,,9.0,,9.0,,9.0,,9.0,,9.0,,9.0,,9.0,,9.0,,9.0,,9.0,,9.0,,9.0,,9.0,,9.0,,9.0,0.0,2.0,0.0,2.0,1.479,1.0,,9.0,,9.0,,9.0,0.0,2.0,99.912,2.0,1.4318,2.0,,,,,['I08N'],2019-12-05,2019-12-27,Akiko
497,30.0,1.0,32.0,,  I08N,1232.0,2.0,20191211.0,612.0,-1.6659,79.9997,4904,4751.7,1.4318,1.4319,2.0,34.7172,2.0,34.717,2.0,177.5,2.0,177.4,2.0,,9.0,,9.0,,9.0,,9.0,,9.0,,9.0,,9.0,,9.0,,9.0,,9.0,,9.0,,9.0,,9.0,,9.0,,9.0,0.0,2.0,0.0,2.0,1.483,1.0,,9.0,,9.0,,9.0,0.0,2.0,99.914,2.0,1.4319,2.0,,,,,['I08N'],2019-12-05,2019-12-27,Akiko
498,30.0,1.0,31.0,,  I08N,1231.0,2.0,20191211.0,612.0,-1.6659,79.9997,4904,4749.9,1.4318,1.4318,2.0,34.7172,2.0,34.717,2.0,177.5,2.0,177.4,2.0,,9.0,,9.0,,9.0,,9.0,,9.0,,9.0,,9.0,,9.0,,9.0,,9.0,,9.0,,9.0,,9.0,,9.0,,9.0,0.0,2.0,0.0,2.0,1.482,1.0,,9.0,,9.0,,9.0,0.0,2.0,99.914,2.0,1.4318,2.0,,,,,['I08N'],2019-12-05,2019-12-27,Akiko
499,30.0,1.0,30.0,,  I08N,1230.0,2.0,20191211.0,612.0,-1.6659,79.9997,4904,4751.1,1.4318,1.4318,2.0,34.7172,2.0,34.7172,2.0,177.5,2.0,177.3,2.0,,9.0,,9.0,,9.0,,9.0,,9.0,,9.0,,9.0,,9.0,,9.0,,9.0,,9.0,,9.0,,9.0,,9.0,,9.0,0.0,2.0,0.0,2.0,1.473,1.0,,9.0,,9.0,,9.0,0.0,2.0,99.912,2.0,1.4318,2.0,,,,,['I08N'],2019-12-05,2019-12-27,Akiko
500,30.0,1.0,29.0,,  I08N,1229.0,2.0,20191211.0,612.0,-1.6659,79.9997,4904,4751.1,1.4317,1.4317,2.0,34.7172,2.0,34.717,2.0,177.4,2.0,177.5,2.0,,9.0,,9.0,,9.0,,9.0,,9.0,,9.0,,9.0,,9.0,,9.0,,9.0,,9.0,,9.0,,9.0,,9.0,,9.0,0.0,2.0,0.0,2.0,1.473,1.0,,9.0,,9.0,,9.0,0.0,2.0,99.914,2.0,1.4317,2.0,,,,,['I08N'],2019-12-05,2019-12-27,Akiko
501,30.0,1.0,28.0,,  I08N,1228.0,2.0,20191211.0,612.0,-1.6659,79.9997,4904,4750.3,1.4318,1.4318,2.0,34.7171,2.0,34.7171,2.0,177.4,2.0,177.4,2.0,,9.0,,9.0,,9.0,,9.0,,9.0,,9.0,,9.0,,9.0,,9.0,,9.0,,9.0,,9.0,,9.0,,9.0,,9.0,0.0,2.0,0.0,2.0,1.489,1.0,,9.0,,9.0,,9.0,-0.001,2.0,99.914,2.0,1.4318,2.0,,,,,['I08N'],2019-12-05,2019-12-27,Akiko
502,30.0,1.0,27.0,,  I08N,1227.0,2.0,20191211.0,612.0,-1.6659,79.9997,4904,4751.3,1.4317,1.4318,2.0,34.7172,2.0,34.7164,2.0,177.4,2.0,177.4,2.0,,9.0,,9.0,,9.0,,9.0,,9.0,,9.0,,9.0,,9.0,,9.0,,9.0,,9.0,,9.0,,9.0,,9.0,,9.0,0.0,2.0,0.0,2.0,1.499,1.0,,9.0,,9.0,,9.0,-0.001,2.0,99.916,2.0,1.4318,2.0,,,,,['I08N'],2019-12-05,2019-12-27,Akiko
503,30.0,1.0,26.0,,  I08N,1226.0,2.0,20191211.0,612.0,-1.6659,79.9997,4904,4750.4,1.4317,1.4316,2.0,34.7172,2.0,34.7168,2.0,177.4,2.0,177.3,2.0,,9.0,,9.0,,9.0,,9.0,,9.0,,9.0,,9.0,,9.0,,9.0,,9.0,,9.0,,9.0,,9.0,,9.0,,9.0,0.0,2.0,0.0,2.0,1.483,1.0,,9.0,,9.0,,9.0,0.0,2.0,99.916,2.0,1.4316,2.0,,,,,['I08N'],2019-12-05,2019-12-27,Akiko
504,30.0,1.0,24.0,,  I08N,1224.0,2.0,20191211.0,612.0,-1.6659,79.9997,4904,4751.3,1.4317,1.4318,2.0,34.7172,2.0,34.7169,2.0,177.5,2.0,177.5,2.0,,9.0,,9.0,,9.0,,9.0,,9.0,,9.0,,9.0,,9.0,,9.0,,9.0,,9.0,,9.0,,9.0,,9.0,,9.0,0.0,2.0,0.0,2.0,1.488,1.0,,9.0,,9.0,,9.0,-0.001,2.0,99.92,2.0,1.4318,2.0,,,,,['I08N'],2019-12-05,2019-12-27,Akiko
505,30.0,1.0,23.0,,  I08N,1223.0,2.0,20191211.0,612.0,-1.6659,79.9997,4904,4750.4,1.4317,1.4317,2.0,34.7173,2.0,34.7166,2.0,177.5,2.0,177.4,2.0,,9.0,,9.0,,9.0,,9.0,,9.0,,9.0,,9.0,,9.0,,9.0,,9.0,,9.0,,9.0,,9.0,,9.0,,9.0,0.0,2.0,0.0,2.0,1.48,1.0,,9.0,,9.0,,9.0,0.0,2.0,99.918,2.0,1.4317,2.0,,,,,['I08N'],2019-12-05,2019-12-27,Akiko
506,30.0,1.0,22.0,,  I08N,1222.0,2.0,20191211.0,612.0,-1.6659,79.9997,4904,4750.3,1.4317,1.4316,2.0,34.7172,2.0,34.7169,2.0,177.4,2.0,177.4,2.0,,9.0,,9.0,,9.0,,9.0,,9.0,,9.0,,9.0,,9.0,,9.0,,9.0,,9.0,,9.0,,9.0,,9.0,,9.0,0.0,2.0,0.0,2.0,1.488,1.0,,9.0,,9.0,,9.0,-0.001,2.0,99.916,2.0,1.4316,2.0,,,,,['I08N'],2019-12-05,2019-12-27,Akiko
507,30.0,1.0,21.0,,  I08N,1221.0,2.0,20191211.0,612.0,-1.6659,79.9997,4904,4750.5,1.4318,1.4317,2.0,34.7171,2.0,34.7174,2.0,177.5,2.0,177.4,2.0,,9.0,,9.0,,9.0,,9.0,,9.0,,9.0,,9.0,,9.0,,9.0,,9.0,,9.0,,9.0,,9.0,,9.0,,9.0,0.0,2.0,0.0,2.0,1.488,1.0,,9.0,,9.0,,9.0,-0.001,2.0,99.916,2.0,1.4317,2.0,,,,,['I08N'],2019-12-05,2019-12-27,Akiko
508,30.0,1.0,20.0,,  I08N,1220.0,2.0,20191211.0,612.0,-1.6659,79.9997,4904,4750.8,1.4317,1.4318,2.0,34.7172,2.0,34.7173,2.0,177.5,2.0,177.4,2.0,,9.0,,9.0,,9.0,,9.0,,9.0,,9.0,,9.0,,9.0,,9.0,,9.0,,9.0,,9.0,,9.0,,9.0,,9.0,0.0,2.0,0.0,2.0,1.479,1.0,,9.0,,9.0,,9.0,0.0,2.0,99.916,2.0,1.4318,2.0,,,,,['I08N'],2019-12-05,2019-12-27,Akiko
509,30.0,1.0,19.0,,  I08N,1219.0,2.0,20191211.0,612.0,-1.6659,79.9997,4904,4750.8,1.4317,1.4318,2.0,34.7172,2.0,34.7172,2.0,177.5,2.0,177.4,2.0,,9.0,,9.0,,9.0,,9.0,,9.0,,9.0,,9.0,,9.0,,9.0,,9.0,,9.0,,9.0,,9.0,,9.0,,9.0,0.0,2.0,0.0,2.0,1.492,1.0,,9.0,,9.0,,9.0,-0.001,2.0,99.916,2.0,1.4318,2.0,,,,,['I08N'],2019-12-05,2019-12-27,Akiko
510,30.0,1.0,18.0,,  I08N,1218.0,2.0,20191211.0,612.0,-1.6659,79.9997,4904,4750.4,1.4317,1.4317,2.0,34.7172,2.0,34.7167,2.0,177.5,2.0,177.6,2.0,,9.0,,9.0,,9.0,,9.0,,9.0,,9.0,,9.0,,9.0,,9.0,,9.0,,9.0,,9.0,,9.0,,9.0,,9.0,0.0,2.0,0.0,2.0,1.482,1.0,,9.0,,9.0,,9.0,0.0,2.0,99.92,2.0,1.4317,2.0,,,,,['I08N'],2019-12-05,2019-12-27,Akiko
511,30.0,1.0,17.0,,  I08N,1217.0,2.0,20191211.0,612.0,-1.6659,79.9997,4904,4750.6,1.4316,1.4317,2.0,34.7173,2.0,34.7175,2.0,177.5,2.0,177.5,2.0,,9.0,,9.0,,9.0,,9.0,,9.0,,9.0,,9.0,,9.0,,9.0,,9.0,,9.0,,9.0,,9.0,,9.0,,9.0,0.0,2.0,0.0,2.0,1.479,1.0,,9.0,,9.0,,9.0,0.0,2.0,99.92,2.0,1.4317,2.0,,,,,['I08N'],2019-12-05,2019-12-27,Akiko
512,30.0,1.0,16.0,,  I08N,1216.0,2.0,20191211.0,612.0,-1.6659,79.9997,4904,4750.7,1.4317,1.4317,2.0,34.7172,2.0,34.7166,2.0,177.5,2.0,177.5,2.0,,9.0,,9.0,,9.0,,9.0,,9.0,,9.0,,9.0,,9.0,,9.0,,9.0,,9.0,,9.0,,9.0,,9.0,,9.0,0.0,2.0,0.0,2.0,1.482,1.0,,9.0,,9.0,,9.0,0.0,2.0,99.92,2.0,1.4317,2.0,,,,,['I08N'],2019-12-05,2019-12-27,Akiko
513,30.0,1.0,15.0,,  I08N,1215.0,2.0,20191211.0,612.0,-1.6659,79.9997,4904,4750.4,1.4318,1.4318,2.0,34.7172,2.0,34.7167,2.0,177.4,2.0,177.4,2.0,,9.0,,9.0,,9.0,,9.0,,9.0,,9.0,,9.0,,9.0,,9.0,,9.0,,9.0,,9.0,,9.0,,9.0,,9.0,0.0,2.0,0.0,2.0,1.491,1.0,,9.0,,9.0,,9.0,-0.001,2.0,99.916,2.0,1.4318,2.0,,,,,['I08N'],2019-12-05,2019-12-27,Akiko
514,30.0,1.0,14.0,,  I08N,1214.0,2.0,20191211.0,612.0,-1.6659,79.9997,4904,4748.9,1.4316,1.4316,2.0,34.7171,2.0,34.7168,2.0,177.4,2.0,177.6,2.0,,9.0,,9.0,,9.0,,9.0,,9.0,,9.0,,9.0,,9.0,,9.0,,9.0,,9.0,,9.0,,9.0,,9.0,,9.0,0.0,2.0,0.0,2.0,1.485,1.0,,9.0,,9.0,,9.0,0.0,2.0,99.918,2.0,1.4316,2.0,,,,,['I08N'],2019-12-05,2019-12-27,Akiko
515,30.0,1.0,13.0,,  I08N,1213.0,2.0,20191211.0,612.0,-1.6659,79.9997,4904,4749.2,1.4316,1.4316,2.0,34.7172,2.0,34.7163,2.0,177.5,2.0,177.4,2.0,,9.0,,9.0,,9.0,,9.0,,9.0,,9.0,,9.0,,9.0,,9.0,,9.0,,9.0,,9.0,,9.0,,9.0,,9.0,0.0,2.0,0.0,2.0,1.491,1.0,,9.0,,9.0,,9.0,-0.001,2.0,99.916,2.0,1.4316,2.0,,,,,['I08N'],2019-12-05,2019-12-27,Akiko
516,30.0,1.0,11.0,,  I08N,1211.0,2.0,20191211.0,612.0,-1.6659,79.9997,4904,4749.7,1.4316,1.4316,2.0,34.7171,2.0,34.7168,2.0,177.5,2.0,177.4,2.0,,9.0,,9.0,,9.0,,9.0,,9.0,,9.0,,9.0,,9.0,,9.0,,9.0,,9.0,,9.0,,9.0,,9.0,,9.0,0.0,2.0,0.0,2.0,1.492,1.0,,9.0,,9.0,,9.0,-0.001,2.0,99.918,2.0,1.4316,2.0,,,,,['I08N'],2019-12-05,2019-12-27,Akiko
517,30.0,1.0,10.0,,  I08N,1210.0,2.0,20191211.0,612.0,-1.6659,79.9997,4904,4749.7,1.4316,1.4316,2.0,34.7171,2.0,34.7167,2.0,177.4,2.0,177.4,2.0,,9.0,,9.0,,9.0,,9.0,,9.0,,9.0,,9.0,,9.0,,9.0,,9.0,,9.0,,9.0,,9.0,,9.0,,9.0,0.0,2.0,0.0,2.0,1.486,1.0,,9.0,,9.0,,9.0,0.0,2.0,99.918,2.0,1.4316,2.0,,,,,['I08N'],2019-12-05,2019-12-27,Akiko
518,30.0,1.0,9.0,,  I08N,1209.0,2.0,20191211.0,612.0,-1.6659,79.9997,4904,4750.1,1.4315,1.4316,2.0,34.7172,2.0,34.717,2.0,177.4,2.0,177.5,2.0,,9.0,,9.0,,9.0,,9.0,,9.0,,9.0,,9.0,,9.0,,9.0,,9.0,,9.0,,9.0,,9.0,,9.0,,9.0,0.0,2.0,0.0,2.0,1.496,1.0,,9.0,,9.0,,9.0,-0.001,2.0,99.918,2.0,1.4316,2.0,,,,,['I08N'],2019-12-05,2019-12-27,Akiko
519,30.0,1.0,8.0,,  I08N,12103.0,2.0,20191211.0,612.0,-1.6659,79.9997,4904,4749.8,1.4316,1.4316,2.0,34.7172,2.0,34.717,2.0,177.4,2.0,177.4,2.0,,9.0,,9.0,,9.0,,9.0,,9.0,,9.0,,9.0,,9.0,,9.0,,9.0,,9.0,,9.0,,9.0,,9.0,,9.0,0.0,2.0,0.0,2.0,1.481,1.0,,9.0,,9.0,,9.0,0.0,2.0,99.918,2.0,1.4316,2.0,,,,,['I08N'],2019-12-05,2019-12-27,Akiko
520,30.0,1.0,7.0,,  I08N,1207.0,2.0,20191211.0,612.0,-1.6659,79.9997,4904,4749.6,1.4315,1.4315,2.0,34.7172,2.0,34.7174,2.0,177.4,2.0,177.4,2.0,,9.0,,9.0,,9.0,,9.0,,9.0,,9.0,,9.0,,9.0,,9.0,,9.0,,9.0,,9.0,,9.0,,9.0,,9.0,0.0,2.0,0.0,2.0,1.479,1.0,,9.0,,9.0,,9.0,0.0,2.0,99.918,2.0,1.4315,2.0,,,,,['I08N'],2019-12-05,2019-12-27,Akiko
521,30.0,1.0,6.0,,  I08N,1206.0,2.0,20191211.0,612.0,-1.6659,79.9997,4904,4750.0,1.4315,1.4316,2.0,34.7173,2.0,34.7171,2.0,177.4,2.0,177.3,2.0,,9.0,,9.0,,9.0,,9.0,,9.0,,9.0,,9.0,,9.0,,9.0,,9.0,,9.0,,9.0,,9.0,,9.0,,9.0,0.0,2.0,0.0,2.0,1.487,1.0,,9.0,,9.0,,9.0,0.0,2.0,99.918,2.0,1.4316,2.0,,,,,['I08N'],2019-12-05,2019-12-27,Akiko
522,30.0,1.0,5.0,,  I08N,1205.0,2.0,20191211.0,612.0,-1.6659,79.9997,4904,4749.7,1.4316,1.4316,2.0,34.7171,2.0,34.7173,2.0,177.4,2.0,177.4,2.0,,9.0,,9.0,,9.0,,9.0,,9.0,,9.0,,9.0,,9.0,,9.0,,9.0,,9.0,,9.0,,9.0,,9.0,,9.0,0.0,2.0,0.0,2.0,1.5,1.0,,9.0,,9.0,,9.0,-0.001,2.0,99.92,2.0,1.4316,2.0,,,,,['I08N'],2019-12-05,2019-12-27,Akiko
523,30.0,1.0,4.0,,  I08N,1204.0,2.0,20191211.0,612.0,-1.6659,79.9997,4904,4750.4,1.4316,1.4316,2.0,34.7171,2.0,34.7173,2.0,177.4,2.0,177.4,2.0,,9.0,,9.0,,9.0,,9.0,,9.0,,9.0,,9.0,,9.0,,9.0,,9.0,,9.0,,9.0,,9.0,,9.0,,9.0,0.0,2.0,0.0,2.0,1.481,1.0,,9.0,,9.0,,9.0,0.0,2.0,99.912,2.0,1.4316,2.0,,,,,['I08N'],2019-12-05,2019-12-27,Akiko
524,30.0,1.0,3.0,,  I08N,1203.0,2.0,20191211.0,612.0,-1.6659,79.9997,4904,4749.4,1.4316,1.4316,2.0,34.7172,2.0,34.717,2.0,177.4,2.0,177.1,2.0,,9.0,,9.0,,9.0,,9.0,,9.0,,9.0,,9.0,,9.0,,9.0,,9.0,,9.0,,9.0,,9.0,,9.0,,9.0,0.0,2.0,0.0,2.0,1.496,1.0,,9.0,,9.0,,9.0,-0.001,2.0,99.918,2.0,1.4316,2.0,,,,,['I08N'],2019-12-05,2019-12-27,Akiko
525,30.0,1.0,2.0,,  I08N,12046.0,2.0,20191211.0,612.0,-1.6659,79.9997,4904,4748.6,1.4314,1.4316,2.0,34.7172,2.0,34.7173,2.0,177.4,2.0,177.4,2.0,,9.0,,9.0,,9.0,,9.0,,9.0,,9.0,,9.0,,9.0,,9.0,,9.0,,9.0,,9.0,,9.0,,9.0,,9.0,0.0,2.0,0.0,2.0,1.475,1.0,,9.0,,9.0,,9.0,0.0,2.0,99.916,2.0,1.4316,2.0,,,,,['I08N'],2019-12-05,2019-12-27,Akiko
526,30.0,1.0,1.0,,  I08N,1201.0,2.0,20191211.0,612.0,-1.6659,79.9997,4904,4749.2,1.4314,1.4314,2.0,34.7172,2.0,34.7175,2.0,177.4,2.0,177.3,2.0,,9.0,,9.0,,9.0,,9.0,,9.0,,9.0,,9.0,,9.0,,9.0,,9.0,,9.0,,9.0,,9.0,,9.0,,9.0,0.0,2.0,0.0,2.0,1.479,1.0,,9.0,,9.0,,9.0,0.0,2.0,99.918,2.0,1.4314,2.0,,,,,['I08N'],2019-12-05,2019-12-27,Akiko
527,32.0,1.0,36.0,,  I08N,1236.0,2.0,20191211.0,1520.0,-2.3331,79.9999,4909,10.3,28.84,28.84,2.0,34.043,2.0,34.0459,2.0,198.0,2.0,197.3,2.0,1.42,2.0,0.05,2.0,0.01,2.0,0.1,2.0,0.06,2.0,1.424,2.0,0.918,2.0,0.112,2.0,1.535,2.0,1931.9,2.0,2242.8,2.0,62.5,2.0,0.11,2.0,,9.0,,9.0,0.0,2.0,0.0,2.0,1.175,1.0,0.247,2.0,0.119,2.0,0.012,2.0,0.076,2.0,98.391,2.0,28.84,2.0,,,,,['I08N'],2019-12-05,2019-12-27,Akiko
528,32.0,1.0,35.0,,  I08N,1235.0,2.0,20191211.0,1520.0,-2.3331,79.9999,4909,50.6,28.6059,28.6056,2.0,34.2269,2.0,34.2275,2.0,197.0,2.0,196.4,2.0,1.19,2.0,0.01,2.0,0.01,2.0,0.12,2.0,0.06,2.0,1.421,2.0,0.92,2.0,0.116,2.0,1.55,2.0,1942.6,2.0,2247.8,2.0,64.7,2.0,0.26,2.0,,9.0,,9.0,0.0,2.0,0.0,2.0,1.233,1.0,0.263,2.0,0.14,2.0,0.013,2.0,0.239,2.0,98.197,2.0,28.6056,2.0,,,,,['I08N'],2019-12-05,2019-12-27,Akiko
529,32.0,1.0,34.0,,  I08N,1234.0,2.0,20191211.0,1520.0,-2.3331,79.9999,4909,100.2,20.6093,20.6262,2.0,35.0509,2.0,35.0529,2.0,71.1,2.0,72.1,2.0,13.48,2.0,18.97,2.0,0.29,2.0,1.33,2.0,0.03,2.0,1.594,2.0,1.013,2.0,0.039,2.0,1.055,2.0,2144.8,2.0,2295.3,2.0,49.3,2.0,0.25,2.0,,9.0,,9.0,0.0,2.0,0.0,2.0,1.464,1.0,0.347,2.0,0.2,2.0,0.025,2.0,0.261,2.0,99.12,2.0,20.6262,2.0,,,,,['I08N'],2019-12-05,2019-12-27,Akiko
530,32.0,1.0,33.0,,  I08N,1233.0,2.0,20191211.0,1520.0,-2.3331,79.9999,4909,151.2,14.321,14.3266,2.0,35.0624,2.0,35.0576,2.0,71.9,2.0,71.6,2.0,20.72,2.0,24.49,2.0,0.01,2.0,1.68,2.0,0.02,2.0,1.713,2.0,1.037,2.0,0.008,2.0,0.739,2.0,2200.7,2.0,2308.4,2.0,43.9,2.0,0.02,2.0,,9.0,,9.0,0.0,2.0,0.0,2.0,1.497,1.0,0.282,2.0,0.159,2.0,0.024,2.0,0.005,2.0,99.562,2.0,14.3266,2.0,,,,,['I08N'],2019-12-05,2019-12-27,Akiko
531,32.0,1.0,32.0,,  I08N,1232.0,2.0,20191211.0,1520.0,-2.3331,79.9999,4909,201.0,12.6204,12.62,2.0,35.052,2.0,35.0534,2.0,100.8,2.0,100.2,2.0,19.04,2.0,23.44,2.0,0.01,2.0,1.61,2.0,0.01,2.0,1.972,2.0,1.163,2.0,0.019,2.0,0.755,2.0,2195.8,2.0,2310.2,2.0,47.2,2.0,0.01,2.0,,9.0,,9.0,0.0,2.0,0.0,2.0,1.47,1.0,0.293,2.0,0.171,2.0,0.028,2.0,-0.001,2.0,99.586,2.0,12.62,2.0,,,,,['I08N'],2019-12-05,2019-12-27,Akiko
532,32.0,1.0,31.0,,  I08N,1231.0,2.0,20191211.0,1520.0,-2.3331,79.9999,4909,248.4,11.8576,11.8567,2.0,35.0224,2.0,35.0224,2.0,123.3,2.0,123.6,2.0,17.68,2.0,22.27,2.0,0.01,2.0,1.54,2.0,0.02,2.0,2.154,2.0,1.255,2.0,0.029,2.0,0.906,2.0,2189.3,2.0,2309.4,2.0,40.5,2.0,0.01,2.0,,9.0,,9.0,0.0,2.0,0.0,2.0,1.411,1.0,,9.0,,9.0,,9.0,0.001,2.0,99.577,2.0,11.8567,2.0,,,,,['I08N'],2019-12-05,2019-12-27,Akiko
533,32.0,1.0,30.0,,  I08N,1230.0,2.0,20191211.0,1520.0,-2.3331,79.9999,4909,329.4,10.7605,10.76,2.0,34.9435,2.0,34.945,2.0,132.2,2.0,130.2,2.0,19.65,2.0,23.62,2.0,0.01,2.0,1.62,2.0,0.04,2.0,2.173,2.0,1.233,2.0,0.039,2.0,0.814,2.0,2193.6,2.0,2308.8,2.0,41.8,2.0,,9.0,,9.0,,9.0,0.0,2.0,0.0,2.0,1.4,1.0,0.299,2.0,0.176,2.0,0.033,2.0,0.002,2.0,99.617,2.0,10.76,2.0,,,,,['I08N'],2019-12-05,2019-12-27,Akiko
534,32.0,1.0,29.0,,  I08N,1229.0,2.0,20191211.0,1520.0,-2.3331,79.9999,4909,432.4,10.0464,10.0442,2.0,34.9354,2.0,34.935,2.0,88.6,2.0,88.9,2.0,29.22,2.0,29.1,2.0,0.01,2.0,2.0,2.0,0.06,2.0,1.431,2.0,0.765,2.0,0.02,2.0,0.442,2.0,2225.9,2.0,2314.3,2.0,40.4,2.0,,9.0,,9.0,,9.0,0.0,2.0,0.0,2.0,1.476,1.0,0.32,2.0,0.186,2.0,0.037,2.0,0.003,2.0,99.67,2.0,10.0442,2.0,,,,,['I08N'],2019-12-05,2019-12-27,Akiko
535,32.0,1.0,28.0,,  I08N,1228.0,2.0,20191211.0,1520.0,-2.3331,79.9999,4909,530.4,9.5912,9.5925,2.0,34.9479,2.0,34.95,2.0,77.2,2.0,75.4,2.0,36.59,2.0,31.14,2.0,0.01,2.0,2.2,2.0,0.07,2.0,1.039,2.0,0.554,2.0,0.016,2.0,0.157,2.0,2240.2,2.0,2320.5,2.0,44.5,2.0,,9.0,,9.0,,9.0,0.0,2.0,0.0,2.0,1.499,1.0,0.363,2.0,0.224,2.0,0.047,2.0,0.003,2.0,99.71,2.0,9.5925,2.0,,,,,['I08N'],2019-12-05,2019-12-27,Akiko
536,32.0,1.0,27.0,,  I08N,1227.0,2.0,20191211.0,1520.0,-2.3331,79.9999,4909,631.2,8.8434,8.8432,2.0,34.9201,2.0,34.9222,2.0,68.4,2.0,67.9,2.0,46.26,2.0,33.1,2.0,0.01,2.0,2.38,2.0,0.05,2.0,0.652,2.0,0.348,2.0,0.009,2.0,0.113,2.0,2255.0,2.0,2327.2,2.0,46.1,2.0,,9.0,,9.0,,9.0,0.0,2.0,0.0,2.0,1.531,1.0,0.303,2.0,0.17,2.0,0.025,2.0,0.003,2.0,99.744,2.0,8.8432,2.0,,,,,['I08N'],2019-12-05,2019-12-27,Akiko
537,32.0,1.0,26.0,,  I08N,1226.0,2.0,20191211.0,1520.0,-2.3331,79.9999,4909,729.7,8.2188,8.2187,2.0,34.9239,2.0,34.9221,2.0,54.1,2.0,54.6,2.0,57.65,2.0,35.08,2.0,0.01,2.0,2.53,2.0,0.07,2.0,0.263,2.0,0.142,2.0,0.006,2.0,0.073,2.0,2275.0,6.0,2341.2,2.0,38.2,2.0,,9.0,,9.0,,9.0,0.0,2.0,0.0,2.0,1.574,1.0,,9.0,,9.0,,9.0,0.001,2.0,99.779,2.0,8.2187,2.0,,,,,['I08N'],2019-12-05,2019-12-27,Akiko
538,32.0,1.0,25.0,,  I08N,1225.0,2.0,20191211.0,1520.0,-2.3331,79.9999,4909,830.6,7.514,7.5134,2.0,34.9075,2.0,34.9067,2.0,55.0,2.0,54.8,2.0,68.13,2.0,36.02,2.0,0.01,2.0,2.62,2.0,0.07,2.0,0.151,2.0,0.082,2.0,0.002,2.0,0.045,2.0,2286.7,2.0,2350.6,2.0,42.1,2.0,,9.0,,9.0,,9.0,0.0,2.0,0.0,2.0,1.585,1.0,0.316,2.0,0.184,2.0,0.028,2.0,0.002,2.0,99.8,2.0,7.5134,2.0,,,,,['I08N'],2019-12-05,2019-12-27,Akiko
539,32.0,1.0,24.0,,  I08N,1224.0,2.0,20191211.0,1520.0,-2.3331,79.9999,4909,930.8,6.7515,6.7515,2.0,34.8802,2.0,34.8837,2.0,57.0,2.0,56.7,2.0,78.29,2.0,36.75,2.0,0.01,2.0,2.68,2.0,0.04,2.0,0.074,2.0,0.039,2.0,0.003,2.0,0.024,2.0,2299.4,2.0,2360.5,2.0,38.2,2.0,,9.0,,9.0,,9.0,0.0,2.0,0.0,2.0,1.603,1.0,,9.0,,9.0,,9.0,0.002,2.0,99.822,2.0,6.7515,2.0,,,,,['I08N'],2019-12-05,2019-12-27,Akiko
540,32.0,1.0,23.0,,  I08N,1223.0,2.0,20191211.0,1520.0,-2.3331,79.9999,4909,1070.8,6.1317,6.1313,2.0,34.878,2.0,34.8782,2.0,63.5,2.0,63.5,2.0,85.8,2.0,36.95,2.0,0.01,2.0,2.7,2.0,0.03,2.0,0.055,2.0,0.03,2.0,0.001,2.0,0.003,2.0,2303.0,2.0,2369.3,2.0,39.1,2.0,,9.0,,9.0,,9.0,0.0,2.0,0.0,2.0,1.612,1.0,0.354,2.0,0.187,2.0,0.037,2.0,0.001,2.0,99.819,2.0,6.1313,2.0,,,,,['I08N'],2019-12-05,2019-12-27,Akiko
541,32.0,1.0,22.0,,  I08N,1222.0,2.0,20191211.0,1520.0,-2.3331,79.9999,4909,1268.7,5.1676,5.1678,2.0,34.8402,2.0,34.8407,2.0,75.2,2.0,75.2,2.0,96.36,2.0,37.24,2.0,0.0,2.0,2.71,2.0,0.03,2.0,0.023,2.0,0.009,2.0,0.001,2.0,0.001,2.0,2314.2,2.0,2377.2,6.0,39.8,2.0,,9.0,,9.0,,9.0,0.0,2.0,0.0,2.0,1.614,1.0,,9.0,,9.0,,9.0,0.001,2.0,99.828,2.0,5.1678,2.0,,,,,['I08N'],2019-12-05,2019-12-27,Akiko
542,32.0,1.0,21.0,,  I08N,1221.0,2.0,20191211.0,1520.0,-2.3331,79.9999,4909,1469.5,4.4154,4.415,2.0,34.8254,2.0,34.8256,2.0,90.4,2.0,90.7,2.0,103.22,2.0,36.91,2.0,0.0,2.0,2.68,2.0,0.02,2.0,0.018,2.0,0.006,2.0,0.0,2.0,0.003,2.0,2313.8,2.0,2380.3,2.0,40.0,2.0,,9.0,,9.0,,9.0,0.0,2.0,0.0,2.0,1.612,1.0,0.351,2.0,0.188,2.0,0.035,2.0,0.001,2.0,99.847,2.0,4.415,2.0,,,,,['I08N'],2019-12-05,2019-12-27,Akiko
543,32.0,1.0,20.0,,  I08N,1220.0,2.0,20191211.0,1520.0,-2.3331,79.9999,4909,1670.4,3.6836,3.6827,2.0,34.8043,2.0,34.805,2.0,105.9,2.0,105.9,2.0,110.16,2.0,36.33,2.0,0.01,2.0,2.63,2.0,0.03,2.0,0.016,2.0,0.006,2.0,0.006,2.0,0.004,2.0,2315.9,2.0,2387.5,2.0,42.8,2.0,,9.0,,9.0,,9.0,0.0,2.0,0.0,2.0,1.593,1.0,,9.0,,9.0,,9.0,0.0,2.0,99.847,2.0,3.6827,2.0,,,,,['I08N'],2019-12-05,2019-12-27,Akiko
544,32.0,1.0,19.0,,  I08N,1219.0,2.0,20191211.0,1520.0,-2.3331,79.9999,4909,1870.3,3.0936,3.0932,2.0,34.7817,2.0,34.7823,2.0,120.7,2.0,120.5,2.0,116.05,2.0,35.81,2.0,0.0,2.0,2.58,2.0,0.05,2.0,0.014,2.0,0.006,2.0,0.002,2.0,0.004,2.0,2316.0,2.0,2394.3,2.0,38.7,2.0,,9.0,,9.0,,9.0,0.0,2.0,0.0,2.0,1.58,1.0,0.377,2.0,0.2,2.0,0.041,2.0,0.0,2.0,99.872,2.0,3.0932,2.0,,,,,['I08N'],2019-12-05,2019-12-27,Akiko
545,32.0,1.0,18.0,,  I08N,1218.0,2.0,20191211.0,1520.0,-2.3331,79.9999,4909,2072.0,2.6319,2.6324,2.0,34.7653,2.0,34.7654,2.0,132.3,2.0,132.3,2.0,120.94,2.0,35.37,2.0,0.0,2.0,2.53,2.0,0.06,2.0,0.013,2.0,0.005,2.0,0.003,2.0,0.009,2.0,2314.2,2.0,2398.1,2.0,38.5,2.0,,9.0,,9.0,,9.0,0.0,2.0,0.0,2.0,1.575,1.0,,9.0,,9.0,,9.0,-0.001,2.0,99.872,2.0,2.6324,2.0,,,,,['I08N'],2019-12-05,2019-12-27,Akiko
546,32.0,1.0,17.0,,  I08N,1217.0,2.0,20191211.0,1520.0,-2.3331,79.9999,4909,2269.7,2.3218,2.3222,2.0,34.7538,2.0,34.7541,2.0,141.4,2.0,141.2,2.0,124.4,2.0,35.07,2.0,0.0,2.0,2.49,2.0,0.07,2.0,0.014,2.0,0.004,2.0,0.002,2.0,0.0,2.0,2313.4,2.0,2404.9,2.0,34.4,2.0,,9.0,,9.0,,9.0,0.0,2.0,0.0,2.0,1.556,1.0,0.331,2.0,0.171,2.0,0.03,2.0,-0.001,2.0,99.872,2.0,2.3222,2.0,,,,,['I08N'],2019-12-05,2019-12-27,Akiko
547,32.0,1.0,16.0,,  I08N,1216.0,2.0,20191211.0,1520.0,-2.3331,79.9999,4909,2470.0,2.1051,2.1058,2.0,34.7456,2.0,34.7455,2.0,148.0,2.0,148.1,2.0,126.83,2.0,34.9,2.0,0.01,2.0,2.47,2.0,0.05,2.0,0.015,2.0,0.005,2.0,0.0,2.0,0.0,2.0,2314.0,6.0,2406.4,2.0,39.2,2.0,,9.0,,9.0,,9.0,0.0,2.0,0.0,2.0,1.541,1.0,,9.0,,9.0,,9.0,0.0,2.0,99.893,2.0,2.1058,2.0,,,,,['I08N'],2019-12-05,2019-12-27,Akiko
548,32.0,1.0,15.0,,  I08N,1215.0,2.0,20191211.0,1520.0,-2.3331,79.9999,4909,2671.1,1.9607,1.9605,2.0,34.7396,2.0,34.7405,2.0,152.8,2.0,152.7,2.0,128.01,2.0,34.53,2.0,0.0,2.0,2.43,2.0,0.05,2.0,0.02,2.0,0.007,2.0,0.0,2.0,0.01,2.0,2312.1,2.0,2406.1,2.0,35.9,2.0,,9.0,,9.0,,9.0,0.0,2.0,0.0,2.0,1.531,1.0,0.339,2.0,0.177,2.0,0.032,2.0,-0.001,2.0,99.9,2.0,1.9605,2.0,,,,,['I08N'],2019-12-05,2019-12-27,Akiko
549,32.0,1.0,14.0,,  I08N,1214.0,2.0,20191211.0,1520.0,-2.3331,79.9999,4909,2871.4,1.7824,1.7824,2.0,34.7334,2.0,34.7341,2.0,158.9,2.0,158.8,2.0,129.91,2.0,34.48,2.0,0.01,2.0,2.41,2.0,0.06,2.0,0.015,2.0,0.005,2.0,0.003,2.0,0.007,2.0,2310.8,2.0,2411.2,2.0,37.3,2.0,,9.0,,9.0,,9.0,0.0,2.0,0.0,2.0,1.518,1.0,,9.0,,9.0,,9.0,0.0,2.0,99.9,2.0,1.7824,2.0,,,,,['I08N'],2019-12-05,2019-12-27,Akiko
550,32.0,1.0,13.0,,  I08N,1213.0,2.0,20191211.0,1520.0,-2.3331,79.9999,4909,3081.8,1.6223,1.6222,2.0,34.7276,2.0,34.728,2.0,162.5,2.0,162.4,2.0,133.19,2.0,34.38,2.0,0.01,2.0,2.4,2.0,0.05,2.0,0.016,2.0,0.005,2.0,0.0,2.0,0.0,2.0,2313.3,2.0,2416.8,2.0,37.9,2.0,,9.0,,9.0,,9.0,0.0,2.0,0.0,2.0,1.511,1.0,0.332,2.0,0.164,2.0,0.027,2.0,-0.001,2.0,99.897,2.0,1.6222,2.0,,,,,['I08N'],2019-12-05,2019-12-27,Akiko
551,32.0,1.0,12.0,,  I08N,1212.0,2.0,20191211.0,1520.0,-2.3331,79.9999,4909,3330.3,1.5491,1.5487,2.0,34.7251,2.0,34.7258,2.0,163.2,2.0,163.0,2.0,136.01,2.0,34.46,2.0,0.01,2.0,2.4,2.0,0.05,2.0,0.017,2.0,0.005,2.0,0.001,2.0,0.012,2.0,2317.0,2.0,2418.6,6.0,37.7,2.0,,9.0,,9.0,,9.0,0.0,2.0,0.0,2.0,1.529,1.0,,9.0,,9.0,,9.0,-0.001,2.0,99.893,2.0,1.5487,2.0,,,,,['I08N'],2019-12-05,2019-12-27,Akiko
552,32.0,1.0,11.0,,  I08N,1211.0,2.0,20191211.0,1520.0,-2.3331,79.9999,4909,3581.3,1.4846,1.4846,2.0,34.7222,2.0,34.7225,2.0,168.3,2.0,168.4,2.0,135.0,2.0,34.33,2.0,0.01,2.0,2.38,2.0,0.04,2.0,0.016,2.0,0.006,2.0,0.006,2.0,0.002,2.0,2314.5,2.0,2411.0,2.0,33.9,2.0,,9.0,,9.0,,9.0,0.0,2.0,0.0,2.0,1.514,1.0,0.32,2.0,0.158,2.0,0.027,2.0,0.0,2.0,99.908,2.0,1.4846,2.0,,,,,['I08N'],2019-12-05,2019-12-27,Akiko
553,32.0,1.0,10.0,,  I08N,1210.0,2.0,20191211.0,1520.0,-2.3331,79.9999,4909,3829.3,1.4146,1.4145,2.0,34.7195,2.0,34.7197,2.0,171.5,2.0,171.4,2.0,136.28,2.0,34.3,2.0,0.0,2.0,2.37,2.0,0.02,2.0,0.015,2.0,0.006,2.0,0.0,2.0,0.0,2.0,2312.2,2.0,2417.3,2.0,35.0,2.0,,9.0,,9.0,,9.0,0.0,2.0,0.0,2.0,1.502,1.0,,9.0,,9.0,,9.0,-0.001,2.0,99.927,2.0,1.4145,2.0,,,,,['I08N'],2019-12-05,2019-12-27,Akiko
554,32.0,1.0,9.0,,  I08N,1209.0,2.0,20191211.0,1520.0,-2.3331,79.9999,4909,4081.0,1.3961,1.396,2.0,34.7183,2.0,34.7184,2.0,174.3,2.0,174.3,2.0,135.92,2.0,34.1,2.0,0.01,2.0,2.35,2.0,0.04,2.0,0.015,2.0,0.007,2.0,0.001,2.0,0.0,2.0,2309.7,2.0,2411.8,2.0,39.7,2.0,,9.0,,9.0,,9.0,0.0,2.0,0.0,2.0,1.489,1.0,0.324,2.0,0.168,2.0,0.028,2.0,0.0,2.0,99.918,2.0,1.396,2.0,,,,,['I08N'],2019-12-05,2019-12-27,Akiko
555,32.0,1.0,8.0,,  I08N,12103.0,2.0,20191211.0,1520.0,-2.3331,79.9999,4909,4330.5,1.4006,1.4006,2.0,34.7177,2.0,34.7189,2.0,176.2,2.0,176.3,2.0,135.38,2.0,34.03,2.0,0.0,2.0,2.34,2.0,0.03,2.0,0.014,2.0,0.004,2.0,0.001,2.0,0.0,2.0,2308.4,6.0,2413.3,2.0,37.9,2.0,,9.0,,9.0,,9.0,0.0,2.0,0.0,2.0,1.485,1.0,,9.0,,9.0,,9.0,-0.001,2.0,99.925,2.0,1.4006,2.0,,,,,['I08N'],2019-12-05,2019-12-27,Akiko
556,32.0,1.0,7.0,,  I08N,1207.0,2.0,20191211.0,1520.0,-2.3331,79.9999,4909,4580.5,1.4133,1.4132,2.0,34.7172,2.0,34.7178,2.0,177.5,2.0,177.5,2.0,134.72,2.0,33.91,2.0,0.01,2.0,2.34,2.0,0.05,2.0,0.017,2.0,0.006,2.0,0.003,2.0,0.0,2.0,2306.1,2.0,2410.3,2.0,39.1,2.0,,9.0,,9.0,,9.0,0.0,2.0,0.0,2.0,1.478,1.0,0.336,2.0,0.18,2.0,0.035,2.0,0.0,2.0,99.925,2.0,1.4132,2.0,,,,,['I08N'],2019-12-05,2019-12-27,Akiko
557,32.0,1.0,6.0,,  I08N,1206.0,2.0,20191211.0,1520.0,-2.3331,79.9999,4909,4829.3,1.4331,1.4332,2.0,34.7171,2.0,34.7177,2.0,178.2,2.0,178.2,2.0,134.34,2.0,33.75,2.0,0.01,2.0,2.33,2.0,0.06,2.0,0.019,2.0,0.007,2.0,0.001,2.0,0.0,2.0,2306.1,2.0,2412.0,6.0,35.7,2.0,,9.0,,9.0,,9.0,0.0,2.0,0.0,2.0,1.481,1.0,,9.0,,9.0,,9.0,0.0,2.0,99.925,2.0,1.4332,2.0,,,,,['I08N'],2019-12-05,2019-12-27,Akiko
558,32.0,1.0,2.0,,  I08N,12046.0,2.0,20191211.0,1520.0,-2.3331,79.9999,4909,76.2,27.7288,27.7303,2.0,34.5899,2.0,34.5996,2.0,191.7,2.0,192.2,2.0,1.84,2.0,0.06,2.0,0.01,2.0,0.16,2.0,0.15,2.0,,9.0,,9.0,,9.0,,9.0,1965.3,2.0,2272.7,2.0,65.0,2.0,0.47,2.0,,9.0,,9.0,0.0,2.0,0.0,2.0,1.286,1.0,0.331,2.0,0.165,2.0,0.025,2.0,0.482,2.0,98.389,2.0,27.7303,2.0,,,,,['I08N'],2019-12-05,2019-12-27,Akiko
559,32.0,1.0,1.0,,  I08N,1201.0,2.0,20191211.0,1520.0,-2.3331,79.9999,4909,4973.4,1.4473,1.4473,2.0,34.717,2.0,34.7179,2.0,178.4,2.0,178.6,2.0,134.68,2.0,33.8,2.0,0.01,2.0,2.34,2.0,0.04,2.0,0.017,2.0,0.006,2.0,0.001,2.0,0.02,2.0,2305.8,2.0,2414.3,2.0,35.3,2.0,,9.0,,9.0,,9.0,0.0,2.0,0.0,2.0,1.477,1.0,0.348,2.0,0.183,2.0,0.035,2.0,0.0,2.0,99.912,2.0,1.4473,2.0,,,,,['I08N'],2019-12-05,2019-12-27,Akiko
560,34.0,1.0,36.0,,  I08N,1236.0,2.0,20191212.0,151.0,-2.9993,79.9978,4967,9.8,28.8325,28.8321,2.0,33.9912,2.0,33.9912,2.0,197.4,2.0,196.8,2.0,1.62,2.0,0.02,2.0,0.0,2.0,0.1,2.0,0.06,2.0,1.36,2.0,0.863,2.0,0.112,2.0,1.49,2.0,1927.8,2.0,2238.5,2.0,,9.0,0.13,2.0,,9.0,,9.0,122.386,2.0,122.386,2.0,1.151,1.0,,9.0,,9.0,,9.0,0.098,2.0,98.82,2.0,28.8321,2.0,,,,,['I08N'],2019-12-05,2019-12-27,Akiko
561,34.0,1.0,35.0,,  I08N,1235.0,2.0,20191212.0,151.0,-2.9993,79.9978,4967,50.1,28.635,28.6344,2.0,34.1581,2.0,34.1318,2.0,197.7,2.0,197.1,2.0,1.58,2.0,0.01,2.0,0.01,2.0,0.1,2.0,0.07,2.0,1.366,2.0,0.869,2.0,0.112,2.0,1.526,2.0,1930.8,2.0,2244.2,2.0,,9.0,0.27,2.0,,9.0,,9.0,16.366,2.0,16.366,2.0,1.186,1.0,,9.0,,9.0,,9.0,0.205,2.0,98.854,2.0,28.6344,2.0,,,,,['I08N'],2019-12-05,2019-12-27,Akiko
562,34.0,1.0,34.0,,  I08N,1234.0,2.0,20191212.0,151.0,-2.9993,79.9978,4967,99.7,18.8168,18.8249,2.0,35.0667,2.0,35.059,2.0,60.6,2.0,60.7,2.0,16.42,2.0,22.09,2.0,0.08,2.0,1.51,2.0,0.08,2.0,1.617,2.0,0.967,2.0,0.018,2.0,0.943,2.0,2166.0,2.0,2297.2,2.0,,9.0,0.21,2.0,,9.0,,9.0,0.563,2.0,0.563,2.0,1.476,1.0,,9.0,,9.0,,9.0,0.232,2.0,99.22,2.0,18.8249,2.0,,,,,['I08N'],2019-12-05,2019-12-27,Akiko
563,34.0,1.0,33.0,,  I08N,1233.0,2.0,20191212.0,151.0,-2.9993,79.9978,4967,150.2,14.5427,14.5434,2.0,34.9737,2.0,34.988,2.0,57.2,2.0,59.5,2.0,23.38,2.0,26.37,2.0,0.01,2.0,1.79,2.0,0.09,2.0,1.611,2.0,0.917,2.0,0.005,2.0,0.654,2.0,2205.7,2.0,2301.1,2.0,,9.0,0.03,2.0,,9.0,,9.0,0.0,2.0,0.0,2.0,1.525,1.0,,9.0,,9.0,,9.0,0.041,2.0,99.53,2.0,14.5434,2.0,,,,,['I08N'],2019-12-05,2019-12-27,Akiko
564,34.0,1.0,32.0,,  I08N,1232.0,2.0,20191212.0,151.0,-2.9993,79.9978,4967,198.6,12.571,12.5768,2.0,35.0506,2.0,35.0506,2.0,83.2,2.0,83.1,2.0,20.35,2.0,25.49,2.0,0.01,2.0,1.72,2.0,0.07,2.0,1.809,2.0,1.002,2.0,0.01,2.0,0.628,2.0,2208.7,2.0,2308.4,2.0,,9.0,0.01,2.0,,9.0,,9.0,0.0,2.0,0.0,2.0,1.483,1.0,,9.0,,9.0,,9.0,0.0,2.0,99.579,2.0,12.5768,2.0,,,,,['I08N'],2019-12-05,2019-12-27,Akiko
565,34.0,1.0,31.0,,  I08N,1231.0,2.0,20191212.0,151.0,-2.9993,79.9978,4967,252.1,11.7348,11.7348,2.0,35.0211,2.0,35.0213,2.0,101.7,2.0,101.0,2.0,19.89,2.0,24.98,2.0,0.01,2.0,1.68,2.0,0.07,2.0,1.937,2.0,1.071,2.0,0.019,2.0,0.667,2.0,2200.5,2.0,2305.8,2.0,,9.0,0.01,2.0,,9.0,,9.0,0.0,2.0,0.0,2.0,1.458,1.0,,9.0,,9.0,,9.0,0.001,2.0,99.583,2.0,11.7348,2.0,,,,,['I08N'],2019-12-05,2019-12-27,Akiko
566,34.0,1.0,30.0,,  I08N,1230.0,2.0,20191212.0,151.0,-2.9993,79.9978,4967,280.6,11.3797,11.3796,2.0,34.9952,2.0,34.9933,2.0,95.9,2.0,95.5,2.0,21.29,2.0,26.22,2.0,0.01,2.0,1.76,2.0,0.06,2.0,1.819,2.0,0.998,2.0,0.019,2.0,0.637,2.0,2207.7,2.0,2304.8,2.0,,9.0,,9.0,,9.0,,9.0,0.0,2.0,0.0,2.0,1.458,1.0,,9.0,,9.0,,9.0,0.004,2.0,99.608,2.0,11.3796,2.0,,,,,['I08N'],2019-12-05,2019-12-27,Akiko
567,34.0,1.0,29.0,,  I08N,1229.0,2.0,20191212.0,151.0,-2.9993,79.9978,4967,370.2,10.3315,10.3314,2.0,34.9336,2.0,34.9338,2.0,91.0,2.0,90.5,2.0,26.66,2.0,28.69,2.0,0.01,2.0,1.94,2.0,0.08,2.0,1.48,2.0,0.801,2.0,0.019,2.0,0.388,2.0,2219.8,2.0,2305.7,2.0,,9.0,,9.0,,9.0,,9.0,0.0,2.0,0.0,2.0,1.463,1.0,,9.0,,9.0,,9.0,0.003,2.0,99.646,2.0,10.3314,2.0,,,,,['I08N'],2019-12-05,2019-12-27,Akiko
568,34.0,1.0,28.0,,  I08N,1228.0,2.0,20191212.0,151.0,-2.9993,79.9978,4967,470.5,9.7452,9.7452,2.0,34.9213,2.0,34.9211,2.0,82.3,2.0,81.6,2.0,33.43,2.0,30.63,2.0,0.01,2.0,2.12,2.0,0.07,2.0,1.089,2.0,0.601,2.0,0.017,2.0,0.223,2.0,2235.4,2.0,2311.4,2.0,,9.0,,9.0,,9.0,,9.0,0.0,2.0,0.0,2.0,1.478,1.0,,9.0,,9.0,,9.0,0.003,2.0,99.697,2.0,9.7452,2.0,,,,,['I08N'],2019-12-05,2019-12-27,Akiko
569,34.0,1.0,27.0,,  I08N,1227.0,2.0,20191212.0,151.0,-2.9993,79.9978,4967,569.7,9.262,9.2619,2.0,34.9311,2.0,34.931,2.0,68.4,2.0,68.2,2.0,40.94,2.0,32.68,2.0,0.01,2.0,2.3,2.0,0.08,2.0,0.69,2.0,0.385,2.0,0.008,2.0,0.139,2.0,2247.5,2.0,2318.2,2.0,,9.0,,9.0,,9.0,,9.0,0.0,2.0,0.0,2.0,1.511,1.0,,9.0,,9.0,,9.0,0.003,2.0,99.73,2.0,9.2619,2.0,,,,,['I08N'],2019-12-05,2019-12-27,Akiko
570,34.0,1.0,26.0,,  I08N,1226.0,2.0,20191212.0,151.0,-2.9993,79.9978,4967,667.9,8.5733,8.5765,2.0,34.9323,2.0,34.9274,2.0,57.9,2.0,58.1,2.0,52.24,2.0,34.64,2.0,0.01,2.0,2.48,2.0,0.07,2.0,0.355,2.0,0.2,2.0,0.004,2.0,0.055,2.0,2265.8,6.0,2332.3,2.0,,9.0,,9.0,,9.0,,9.0,0.0,2.0,0.0,2.0,1.542,1.0,,9.0,,9.0,,9.0,0.003,2.0,99.768,2.0,8.5765,2.0,,,,,['I08N'],2019-12-05,2019-12-27,Akiko
571,34.0,1.0,25.0,,  I08N,1225.0,2.0,20191212.0,151.0,-2.9993,79.9978,4967,770.0,7.8241,7.8274,2.0,34.928,2.0,34.9286,2.0,52.2,2.0,52.1,2.0,64.15,2.0,36.06,2.0,0.01,2.0,2.61,2.0,0.07,2.0,0.162,2.0,0.091,2.0,0.002,2.0,0.017,2.0,2283.3,2.0,2342.0,2.0,,9.0,,9.0,,9.0,,9.0,0.0,2.0,0.0,2.0,1.581,1.0,,9.0,,9.0,,9.0,0.001,2.0,99.783,2.0,7.8274,2.0,,,,,['I08N'],2019-12-05,2019-12-27,Akiko
572,34.0,1.0,24.0,,  I08N,1224.0,2.0,20191212.0,151.0,-2.9993,79.9978,4967,867.7,7.2142,7.2128,2.0,34.9097,2.0,34.9098,2.0,53.4,2.0,53.5,2.0,72.71,2.0,36.64,2.0,0.0,2.0,2.67,2.0,0.07,2.0,0.093,2.0,0.053,2.0,0.002,2.0,0.001,2.0,2290.7,2.0,2348.3,2.0,,9.0,,9.0,,9.0,,9.0,0.0,2.0,0.0,2.0,1.602,1.0,,9.0,,9.0,,9.0,0.002,2.0,99.808,2.0,7.2128,2.0,,,,,['I08N'],2019-12-05,2019-12-27,Akiko
573,34.0,1.0,23.0,,  I08N,1223.0,2.0,20191212.0,151.0,-2.9993,79.9978,4967,968.3,6.4371,6.4366,2.0,34.8674,2.0,34.8669,2.0,61.4,2.0,61.5,2.0,81.3,2.0,37.01,2.0,0.0,2.0,2.69,2.0,0.06,2.0,0.063,2.0,0.034,2.0,0.003,2.0,0.009,2.0,2297.8,2.0,2358.5,2.0,,9.0,,9.0,,9.0,,9.0,0.0,2.0,0.0,2.0,1.606,1.0,,9.0,,9.0,,9.0,0.0,2.0,99.817,2.0,6.4366,2.0,,,,,['I08N'],2019-12-05,2019-12-27,Akiko
574,34.0,1.0,22.0,,  I08N,1222.0,2.0,20191212.0,151.0,-2.9993,79.9978,4967,1129.1,5.6558,5.6554,2.0,34.8453,2.0,34.8449,2.0,69.6,2.0,69.9,2.0,90.66,2.0,37.35,2.0,0.01,2.0,2.71,2.0,0.06,2.0,0.024,2.0,0.015,2.0,0.0,2.0,0.013,2.0,2312.6,3.0,2364.9,6.0,,9.0,,9.0,,9.0,,9.0,0.0,2.0,0.0,2.0,1.619,1.0,,9.0,,9.0,,9.0,0.0,2.0,99.834,2.0,5.6554,2.0,,,,,['I08N'],2019-12-05,2019-12-27,Akiko
575,34.0,1.0,21.0,,  I08N,1221.0,2.0,20191212.0,151.0,-2.9993,79.9978,4967,1330.3,4.8156,4.8154,2.0,34.8203,2.0,34.8207,2.0,85.0,2.0,85.0,2.0,98.13,2.0,37.02,2.0,0.01,2.0,2.68,2.0,0.07,2.0,0.02,2.0,0.01,2.0,0.0,2.0,0.004,2.0,2308.8,2.0,2373.3,2.0,,9.0,,9.0,,9.0,,9.0,0.0,2.0,0.0,2.0,1.597,1.0,,9.0,,9.0,,9.0,0.001,2.0,99.842,2.0,4.8154,2.0,,,,,['I08N'],2019-12-05,2019-12-27,Akiko
576,34.0,1.0,20.0,,  I08N,1220.0,2.0,20191212.0,151.0,-2.9993,79.9978,4967,1531.2,4.0457,4.0457,2.0,34.8026,2.0,34.8027,2.0,100.8,2.0,100.8,2.0,104.91,2.0,36.5,2.0,0.01,2.0,2.63,2.0,0.06,2.0,0.02,2.0,0.007,2.0,0.0,2.0,0.0,2.0,2309.6,2.0,2377.8,2.0,,9.0,,9.0,,9.0,,9.0,0.0,2.0,0.0,2.0,1.579,1.0,,9.0,,9.0,,9.0,0.001,2.0,99.857,2.0,4.0457,2.0,,,,,['I08N'],2019-12-05,2019-12-27,Akiko
577,34.0,1.0,19.0,,  I08N,1219.0,2.0,20191212.0,151.0,-2.9993,79.9978,4967,1730.7,3.4526,3.4524,2.0,34.7884,2.0,34.7885,2.0,112.4,2.0,112.3,2.0,111.72,2.0,36.42,2.0,0.01,2.0,2.62,2.0,0.07,2.0,0.016,2.0,0.006,2.0,0.001,2.0,0.004,2.0,2312.1,2.0,2386.5,2.0,,9.0,,9.0,,9.0,,9.0,0.0,2.0,0.0,2.0,1.583,1.0,,9.0,,9.0,,9.0,0.001,2.0,99.863,2.0,3.4524,2.0,,,,,['I08N'],2019-12-05,2019-12-27,Akiko
578,34.0,1.0,18.0,,  I08N,1218.0,2.0,20191212.0,151.0,-2.9993,79.9978,4967,1930.2,2.9413,2.941,2.0,34.7757,2.0,34.7754,2.0,124.8,2.0,124.6,2.0,117.48,2.0,35.93,2.0,0.0,2.0,2.56,2.0,0.06,2.0,0.018,2.0,0.007,2.0,0.003,2.0,0.001,2.0,2311.9,2.0,2391.2,2.0,,9.0,,9.0,,9.0,,9.0,0.0,2.0,0.0,2.0,1.573,1.0,,9.0,,9.0,,9.0,0.0,2.0,99.859,2.0,2.941,2.0,,,,,['I08N'],2019-12-05,2019-12-27,Akiko
579,34.0,1.0,17.0,,  I08N,1217.0,2.0,20191212.0,151.0,-2.9993,79.9978,4967,2131.0,2.5293,2.5293,2.0,34.7615,2.0,34.7616,2.0,135.9,2.0,135.7,2.0,122.16,2.0,35.41,2.0,0.0,2.0,2.52,2.0,0.06,2.0,0.015,2.0,0.006,2.0,0.005,2.0,0.003,2.0,2312.0,2.0,2398.8,2.0,,9.0,,9.0,,9.0,,9.0,0.0,2.0,0.0,2.0,1.563,1.0,,9.0,,9.0,,9.0,0.0,2.0,99.867,2.0,2.5293,2.0,,,,,['I08N'],2019-12-05,2019-12-27,Akiko
580,34.0,1.0,16.0,,  I08N,1216.0,2.0,20191212.0,151.0,-2.9993,79.9978,4967,2330.6,2.2643,2.2644,2.0,34.7513,2.0,34.7513,2.0,143.8,2.0,143.5,2.0,124.83,2.0,35.22,2.0,0.0,2.0,2.48,2.0,0.06,2.0,0.013,2.0,0.004,2.0,0.001,2.0,0.006,2.0,2309.9,6.0,2399.4,2.0,,9.0,,9.0,,9.0,,9.0,0.0,2.0,0.0,2.0,1.556,1.0,,9.0,,9.0,,9.0,-0.001,2.0,99.882,2.0,2.2644,2.0,,,,,['I08N'],2019-12-05,2019-12-27,Akiko
581,34.0,1.0,15.0,,  I08N,1215.0,2.0,20191212.0,151.0,-2.9993,79.9978,4967,2530.2,2.0549,2.0545,2.0,34.743,2.0,34.7429,2.0,151.2,2.0,150.8,2.0,126.12,2.0,34.71,2.0,0.01,2.0,2.44,2.0,0.08,2.0,0.009,2.0,0.003,2.0,0.001,2.0,0.001,2.0,2308.1,2.0,2401.7,2.0,,9.0,,9.0,,9.0,,9.0,0.0,2.0,0.0,2.0,1.525,1.0,,9.0,,9.0,,9.0,0.0,2.0,99.886,2.0,2.0545,2.0,,,,,['I08N'],2019-12-05,2019-12-27,Akiko
582,34.0,1.0,14.0,,  I08N,1214.0,2.0,20191212.0,151.0,-2.9993,79.9978,4967,2730.2,1.8806,1.8808,2.0,34.737,2.0,34.7373,2.0,156.0,2.0,155.8,2.0,128.45,2.0,34.68,2.0,0.01,2.0,2.43,2.0,0.08,2.0,0.013,2.0,0.003,2.0,0.005,2.0,0.002,2.0,2311.4,2.0,2404.7,2.0,,9.0,,9.0,,9.0,,9.0,0.0,2.0,0.0,2.0,1.507,1.0,,9.0,,9.0,,9.0,0.0,2.0,99.882,2.0,1.8808,2.0,,,,,['I08N'],2019-12-05,2019-12-27,Akiko
583,34.0,1.0,13.0,,  I08N,1213.0,2.0,20191212.0,151.0,-2.9993,79.9978,4967,2929.4,1.7212,1.7216,2.0,34.7313,2.0,34.7316,2.0,160.4,2.0,160.2,2.0,130.87,2.0,34.62,2.0,0.01,2.0,2.41,2.0,0.08,2.0,0.015,2.0,0.004,2.0,0.0,2.0,0.01,2.0,2310.0,2.0,2408.1,2.0,,9.0,,9.0,,9.0,,9.0,0.0,2.0,0.0,2.0,1.51,1.0,,9.0,,9.0,,9.0,0.0,2.0,99.893,2.0,1.7216,2.0,,,,,['I08N'],2019-12-05,2019-12-27,Akiko
584,34.0,1.0,12.0,,  I08N,1212.0,2.0,20191212.0,151.0,-2.9993,79.9978,4967,3169.7,1.6101,1.61,2.0,34.7271,2.0,34.7274,2.0,162.9,2.0,162.7,2.0,133.89,2.0,34.55,2.0,0.01,2.0,2.4,2.0,0.07,2.0,0.02,2.0,0.007,2.0,0.005,2.0,0.018,2.0,2312.2,2.0,2411.6,6.0,,9.0,,9.0,,9.0,,9.0,0.0,2.0,0.0,2.0,1.518,1.0,,9.0,,9.0,,9.0,-0.001,2.0,99.893,2.0,1.61,2.0,,,,,['I08N'],2019-12-05,2019-12-27,Akiko
585,34.0,1.0,11.0,,  I08N,1211.0,2.0,20191212.0,151.0,-2.9993,79.9978,4967,3420.7,1.5192,1.5191,2.0,34.7237,2.0,34.7241,2.0,166.3,2.0,166.0,2.0,135.06,2.0,34.43,2.0,0.0,2.0,2.38,2.0,0.06,2.0,0.013,2.0,0.004,2.0,0.007,2.0,0.004,2.0,2316.4,3.0,2410.3,2.0,,9.0,,9.0,,9.0,,9.0,0.0,2.0,0.0,2.0,1.521,1.0,,9.0,,9.0,,9.0,0.0,2.0,99.905,2.0,1.5191,2.0,,,,,['I08N'],2019-12-05,2019-12-27,Akiko
586,34.0,1.0,10.0,,  I08N,1210.0,2.0,20191212.0,151.0,-2.9993,79.9978,4967,3669.7,1.4251,1.4251,2.0,34.7203,2.0,34.7198,2.0,170.4,2.0,170.1,2.0,136.04,2.0,34.26,2.0,0.01,2.0,2.37,2.0,0.06,2.0,0.013,2.0,0.004,2.0,0.0,2.0,0.008,2.0,2312.7,2.0,2414.2,3.0,,9.0,,9.0,,9.0,,9.0,0.0,2.0,0.0,2.0,1.51,1.0,,9.0,,9.0,,9.0,0.0,2.0,99.924,2.0,1.4251,2.0,,,,,['I08N'],2019-12-05,2019-12-27,Akiko
587,34.0,1.0,9.0,,  I08N,1209.0,2.0,20191212.0,151.0,-2.9993,79.9978,4967,3920.1,1.3947,1.3947,2.0,34.7189,2.0,34.7185,2.0,173.4,2.0,173.2,2.0,136.11,2.0,34.33,2.0,0.01,2.0,2.36,2.0,0.09,2.0,0.014,2.0,0.005,2.0,0.004,2.0,0.011,2.0,2310.4,2.0,2414.0,2.0,,9.0,,9.0,,9.0,,9.0,0.0,2.0,0.0,2.0,1.505,1.0,,9.0,,9.0,,9.0,-0.001,2.0,99.914,2.0,1.3947,2.0,,,,,['I08N'],2019-12-05,2019-12-27,Akiko
588,34.0,1.0,8.0,,  I08N,12103.0,2.0,20191212.0,151.0,-2.9993,79.9978,4967,4169.1,1.3974,1.3974,2.0,34.7181,2.0,34.7181,2.0,175.3,2.0,175.1,2.0,135.83,2.0,34.03,2.0,0.0,2.0,2.36,2.0,0.07,2.0,0.016,2.0,0.005,2.0,0.004,2.0,0.02,2.0,2308.8,6.0,2420.1,2.0,,9.0,,9.0,,9.0,,9.0,0.0,2.0,0.0,2.0,1.475,1.0,,9.0,,9.0,,9.0,0.0,2.0,99.912,2.0,1.3974,2.0,,,,,['I08N'],2019-12-05,2019-12-27,Akiko
589,34.0,1.0,7.0,,  I08N,1207.0,2.0,20191212.0,151.0,-2.9993,79.9978,4967,4420.2,1.4058,1.4058,2.0,34.7176,2.0,34.7179,2.0,177.3,2.0,177.2,2.0,134.59,2.0,33.92,2.0,0.01,2.0,2.34,2.0,0.06,2.0,0.013,2.0,0.005,2.0,0.002,2.0,0.009,2.0,2305.3,2.0,2416.3,2.0,,9.0,,9.0,,9.0,,9.0,0.0,2.0,0.0,2.0,1.474,1.0,,9.0,,9.0,,9.0,-0.001,2.0,99.907,2.0,1.4058,2.0,,,,,['I08N'],2019-12-05,2019-12-27,Akiko
590,34.0,1.0,6.0,,  I08N,1206.0,2.0,20191212.0,151.0,-2.9993,79.9978,4967,4663.3,1.4127,1.4128,2.0,34.7173,2.0,34.7172,2.0,179.1,2.0,179.0,2.0,133.83,2.0,33.95,2.0,0.01,2.0,2.34,2.0,0.09,2.0,0.015,2.0,0.005,2.0,0.002,2.0,0.0,2.0,2304.0,2.0,2412.2,6.0,,9.0,,9.0,,9.0,,9.0,0.0,2.0,0.0,2.0,1.461,1.0,,9.0,,9.0,,9.0,-0.001,2.0,99.931,2.0,1.4128,2.0,,,,,['I08N'],2019-12-05,2019-12-27,Akiko
591,34.0,1.0,5.0,,  I08N,1205.0,2.0,20191212.0,151.0,-2.9993,79.9978,4967,4919.9,1.4261,1.4263,2.0,34.7167,2.0,34.7165,2.0,180.0,2.0,180.0,2.0,133.76,2.0,33.87,2.0,0.01,2.0,2.34,2.0,0.08,2.0,0.013,2.0,0.004,2.0,0.002,2.0,0.003,2.0,2305.6,2.0,2406.5,2.0,,9.0,,9.0,,9.0,,9.0,0.0,2.0,0.0,2.0,1.472,1.0,,9.0,,9.0,,9.0,-0.001,2.0,99.935,2.0,1.4263,2.0,,,,,['I08N'],2019-12-05,2019-12-27,Akiko
592,34.0,1.0,4.0,,  I08N,1204.0,9.0,20191212.0,151.0,-2.9993,79.9978,4967,,,,9.0,,9.0,,9.0,,9.0,,9.0,,9.0,,9.0,,9.0,,9.0,,9.0,,9.0,,9.0,,9.0,,9.0,,9.0,,9.0,,9.0,,9.0,,9.0,,9.0,,9.0,,9.0,,9.0,,9.0,,9.0,,9.0,,9.0,,9.0,,9.0,,,,,['I08N'],2019-12-05,2019-12-27,Akiko
593,34.0,1.0,3.0,,  I08N,1203.0,9.0,20191212.0,151.0,-2.9993,79.9978,4967,,,,9.0,,9.0,,9.0,,9.0,,9.0,,9.0,,9.0,,9.0,,9.0,,9.0,,9.0,,9.0,,9.0,,9.0,,9.0,,9.0,,9.0,,9.0,,9.0,,9.0,,9.0,,9.0,,9.0,,9.0,,9.0,,9.0,,9.0,,9.0,,9.0,,,,,['I08N'],2019-12-05,2019-12-27,Akiko
594,34.0,1.0,2.0,,  I08N,12046.0,2.0,20191212.0,151.0,-2.9993,79.9978,4967,72.9,26.9116,26.9034,2.0,34.6659,2.0,34.6668,2.0,175.0,2.0,176.4,2.0,2.76,2.0,1.6,2.0,0.4,2.0,0.32,2.0,0.32,2.0,,9.0,,9.0,,9.0,,9.0,1995.0,2.0,2273.0,2.0,,9.0,0.45,2.0,,9.0,,9.0,4.383,2.0,4.383,2.0,1.386,1.0,,9.0,,9.0,,9.0,0.472,2.0,98.47,2.0,26.9034,2.0,,,,,['I08N'],2019-12-05,2019-12-27,Akiko
595,34.0,1.0,1.0,,  I08N,1201.0,2.0,20191212.0,151.0,-2.9993,79.9978,4967,5030.1,1.4274,1.4275,2.0,34.7164,2.0,34.7168,2.0,180.7,2.0,180.8,2.0,133.38,2.0,33.74,2.0,0.01,2.0,2.33,2.0,0.08,2.0,0.019,2.0,0.004,2.0,0.001,2.0,0.0,2.0,2302.8,2.0,2405.8,2.0,,9.0,,9.0,,9.0,,9.0,0.0,2.0,0.0,2.0,1.47,1.0,,9.0,,9.0,,9.0,-0.001,2.0,99.884,2.0,1.4275,2.0,,,,,['I08N'],2019-12-05,2019-12-27,Akiko
596,36.0,1.0,36.0,,  I08N,1236.0,2.0,20191212.0,1332.0,-4.002,79.9974,4630,9.9,28.7149,28.7134,2.0,34.0426,2.0,34.0445,2.0,197.7,2.0,197.2,2.0,1.47,2.0,0.03,2.0,0.0,2.0,0.09,2.0,0.05,2.0,1.417,2.0,0.911,2.0,0.12,2.0,1.589,2.0,1927.2,2.0,2237.7,2.0,81.5,2.0,0.11,2.0,50.5,2.0,287.8,2.0,0.0,2.0,0.0,2.0,1.133,1.0,0.2,2.0,0.094,2.0,0.013,2.0,0.108,2.0,98.571,2.0,28.7134,2.0,,,,,['I08N'],2019-12-05,2019-12-27,Akiko
597,36.0,1.0,35.0,,  I08N,1235.0,2.0,20191212.0,1332.0,-4.002,79.9974,4630,50.0,28.3691,28.368,2.0,34.6029,2.0,34.6017,2.0,198.7,2.0,198.6,2.0,1.74,2.0,0.01,2.0,0.02,2.0,0.19,2.0,0.07,2.0,1.44,2.0,0.931,2.0,0.125,2.0,1.645,2.0,1958.7,2.0,2272.7,2.0,80.7,2.0,0.21,2.0,53.5,2.0,296.9,2.0,0.0,2.0,0.0,2.0,1.168,1.0,0.252,2.0,0.124,2.0,0.017,2.0,0.218,2.0,98.586,2.0,28.368,2.0,,,,,['I08N'],2019-12-05,2019-12-27,Akiko
598,36.0,1.0,34.0,,  I08N,1234.0,2.0,20191212.0,1332.0,-4.002,79.9974,4630,99.9,19.9491,19.9546,2.0,34.7081,2.0,34.7038,2.0,97.9,2.0,97.8,2.0,16.47,2.0,16.73,2.0,0.11,2.0,1.16,2.0,0.04,2.0,1.63,2.0,1.01,2.0,0.028,2.0,1.119,2.0,2116.8,2.0,2285.9,2.0,57.6,2.0,0.32,2.0,59.8,2.0,404.5,2.0,0.0,2.0,0.0,2.0,1.437,1.0,0.323,2.0,0.192,2.0,0.026,2.0,0.328,2.0,98.892,2.0,19.9546,2.0,,,,,['I08N'],2019-12-05,2019-12-27,Akiko
599,36.0,1.0,33.0,,  I08N,1233.0,2.0,20191212.0,1332.0,-4.002,79.9974,4630,149.6,14.3916,14.3939,2.0,34.9102,2.0,34.9094,2.0,54.9,2.0,55.1,2.0,25.65,2.0,26.82,2.0,0.01,2.0,1.84,2.0,0.04,2.0,1.485,2.0,0.903,2.0,0.012,2.0,4.216,3.0,2206.9,2.0,2304.6,2.0,53.8,2.0,0.05,2.0,30.4,2.0,439.5,2.0,0.0,2.0,0.0,2.0,1.524,1.0,0.337,2.0,0.201,2.0,0.035,2.0,0.076,2.0,99.526,2.0,14.3939,2.0,,,,,['I08N'],2019-12-05,2019-12-27,Akiko
600,36.0,1.0,32.0,,  I08N,1232.0,2.0,20191212.0,1332.0,-4.002,79.9974,4630,200.0,12.4256,12.4377,2.0,35.0351,2.0,35.0336,2.0,80.9,2.0,80.5,2.0,21.2,2.0,25.88,2.0,0.0,2.0,1.75,2.0,0.04,2.0,1.803,2.0,1.022,2.0,0.014,2.0,0.56,2.0,2210.9,2.0,2311.8,2.0,51.2,2.0,0.01,2.0,6.6,2.0,455.5,2.0,0.0,2.0,0.0,2.0,1.499,1.0,0.332,2.0,0.196,2.0,0.044,2.0,0.0,2.0,99.564,2.0,12.4377,2.0,,,,,['I08N'],2019-12-05,2019-12-27,Akiko
601,36.0,1.0,31.0,,  I08N,1231.0,2.0,20191212.0,1332.0,-4.002,79.9974,4630,249.7,11.5024,11.5025,2.0,34.9905,2.0,34.9907,2.0,96.3,2.0,95.7,2.0,21.15,2.0,25.72,2.0,0.01,2.0,1.74,2.0,0.02,2.0,1.773,2.0,1.049,2.0,0.023,2.0,0.627,2.0,2207.2,2.0,2310.1,2.0,53.2,2.0,0.01,2.0,21.6,2.0,412.9,2.0,0.0,2.0,0.0,2.0,1.462,1.0,,9.0,,9.0,,9.0,0.002,2.0,99.585,2.0,11.5025,2.0,,,,,['I08N'],2019-12-05,2019-12-27,Akiko
602,36.0,1.0,30.0,,  I08N,1230.0,2.0,20191212.0,1332.0,-4.002,79.9974,4630,297.8,10.9832,10.9902,2.0,34.9633,2.0,34.9588,2.0,102.1,2.0,101.1,2.0,22.2,2.0,26.33,2.0,0.01,2.0,1.77,2.0,0.03,2.0,1.805,2.0,1.034,2.0,0.024,2.0,0.596,2.0,2212.9,2.0,2311.3,2.0,47.8,2.0,,9.0,48.5,2.0,424.2,2.0,0.0,2.0,0.0,2.0,1.448,1.0,0.286,2.0,0.163,2.0,0.03,2.0,0.003,2.0,99.612,2.0,10.9902,2.0,,,,,['I08N'],2019-12-05,2019-12-27,Akiko
603,36.0,1.0,29.0,,  I08N,1229.0,2.0,20191212.0,1332.0,-4.002,79.9974,4630,399.1,9.9477,9.9445,2.0,34.901,2.0,34.9128,2.0,92.6,2.0,90.9,2.0,29.23,2.0,29.27,2.0,0.01,2.0,2.01,2.0,0.01,2.0,1.34,2.0,0.757,2.0,0.021,2.0,0.382,2.0,2226.0,2.0,2312.9,2.0,47.2,2.0,,9.0,38.1,2.0,424.1,2.0,0.0,2.0,0.0,2.0,1.452,1.0,0.343,2.0,0.207,2.0,0.048,2.0,0.003,2.0,99.659,2.0,9.9445,2.0,,,,,['I08N'],2019-12-05,2019-12-27,Akiko
604,36.0,1.0,28.0,,  I08N,1228.0,2.0,20191212.0,1332.0,-4.002,79.9974,4630,501.5,9.3157,9.3169,2.0,34.873,2.0,34.8715,2.0,82.5,2.0,81.5,2.0,36.92,2.0,31.39,2.0,0.01,2.0,2.17,2.0,0.01,2.0,1.001,2.0,0.53,2.0,0.016,2.0,0.251,2.0,2238.6,2.0,2318.1,2.0,45.8,2.0,,9.0,38.3,2.0,442.1,2.0,0.0,2.0,0.0,2.0,1.477,1.0,0.307,2.0,0.177,2.0,0.036,2.0,0.003,2.0,99.714,2.0,9.3169,2.0,,,,,['I08N'],2019-12-05,2019-12-27,Akiko
605,36.0,1.0,27.0,,  I08N,1227.0,2.0,20191212.0,1332.0,-4.002,79.9974,4630,600.6,8.4626,8.4683,2.0,34.8599,2.0,34.864,2.0,72.7,2.0,71.6,2.0,49.22,2.0,33.65,2.0,0.01,2.0,2.38,2.0,0.02,2.0,0.578,2.0,0.309,2.0,0.012,2.0,0.139,2.0,2258.5,2.0,2329.9,2.0,47.0,2.0,,9.0,29.8,2.0,453.7,2.0,0.0,2.0,0.0,2.0,1.516,1.0,0.342,2.0,0.206,2.0,0.043,2.0,0.002,2.0,99.743,2.0,8.4683,2.0,,,,,['I08N'],2019-12-05,2019-12-27,Akiko
606,36.0,1.0,26.0,,  I08N,1226.0,2.0,20191212.0,1332.0,-4.002,79.9974,4630,699.9,7.958,7.9574,2.0,34.8733,2.0,34.8768,2.0,63.9,2.0,63.0,2.0,58.27,2.0,34.89,2.0,0.0,2.0,2.5,2.0,0.05,2.0,0.345,2.0,0.187,2.0,0.007,2.0,0.066,2.0,2273.4,6.0,2339.2,2.0,45.4,2.0,,9.0,10.9,2.0,454.2,2.0,0.0,2.0,0.0,2.0,1.538,1.0,,9.0,,9.0,,9.0,0.002,2.0,99.77,2.0,7.9574,2.0,,,,,['I08N'],2019-12-05,2019-12-27,Akiko
607,36.0,1.0,25.0,,  I08N,1225.0,2.0,20191212.0,1332.0,-4.002,79.9974,4630,800.1,7.2644,7.2633,2.0,34.8325,2.0,34.8405,2.0,64.8,2.0,63.8,2.0,68.18,2.0,35.76,2.0,0.01,2.0,2.58,2.0,0.05,2.0,0.208,2.0,0.115,2.0,0.006,2.0,0.069,2.0,2283.3,2.0,2346.9,2.0,41.8,2.0,,9.0,15.9,2.0,435.8,2.0,0.0,2.0,0.0,2.0,1.565,1.0,0.337,2.0,0.19,2.0,0.034,2.0,0.001,2.0,99.792,2.0,7.2633,2.0,,,,,['I08N'],2019-12-05,2019-12-27,Akiko
608,36.0,1.0,24.0,,  I08N,1224.0,2.0,20191212.0,1332.0,-4.002,79.9974,4630,900.3,7.0123,7.0148,2.0,34.8726,2.0,34.8678,2.0,60.4,2.0,60.9,2.0,74.21,2.0,36.33,2.0,0.0,2.0,2.64,2.0,0.04,2.0,0.14,2.0,0.076,2.0,0.001,2.0,0.045,2.0,2294.5,2.0,2355.5,2.0,42.0,2.0,,9.0,28.3,2.0,445.0,2.0,0.0,2.0,0.0,2.0,1.595,1.0,,9.0,,9.0,,9.0,0.001,2.0,99.804,2.0,7.0148,2.0,,,,,['I08N'],2019-12-05,2019-12-27,Akiko
609,36.0,1.0,23.0,,  I08N,1223.0,2.0,20191212.0,1332.0,-4.002,79.9974,4630,1001.0,6.3682,6.368,2.0,34.825,2.0,34.8272,2.0,67.1,2.0,66.4,2.0,81.56,2.0,36.6,2.0,0.01,2.0,2.66,2.0,0.05,2.0,0.095,2.0,0.052,2.0,0.007,2.0,0.04,2.0,2298.3,2.0,2360.0,2.0,43.4,2.0,,9.0,25.6,2.0,443.5,2.0,0.0,2.0,0.0,2.0,1.576,1.0,0.393,2.0,0.202,2.0,0.045,2.0,0.002,2.0,99.827,2.0,6.368,2.0,,,,,['I08N'],2019-12-05,2019-12-27,Akiko
610,36.0,1.0,22.0,,  I08N,1222.0,2.0,20191212.0,1332.0,-4.002,79.9974,4630,1202.1,5.3148,5.3154,2.0,34.804,2.0,34.8039,2.0,76.5,2.0,76.6,2.0,94.13,2.0,37.07,2.0,0.0,2.0,2.7,2.0,0.04,2.0,0.031,2.0,0.016,2.0,0.002,2.0,0.006,2.0,2308.2,2.0,2372.5,6.0,43.2,2.0,,9.0,25.8,2.0,458.8,2.0,0.0,2.0,0.0,2.0,1.591,1.0,,9.0,,9.0,,9.0,0.001,2.0,99.846,2.0,5.3154,2.0,,,,,['I08N'],2019-12-05,2019-12-27,Akiko
611,36.0,1.0,21.0,,  I08N,1221.0,2.0,20191212.0,1332.0,-4.002,79.9974,4630,1399.0,4.4024,4.4028,2.0,34.7954,2.0,34.7957,2.0,93.7,2.0,93.7,2.0,102.16,2.0,36.79,2.0,0.01,2.0,2.66,2.0,0.04,2.0,0.019,2.0,0.009,2.0,0.007,2.0,0.006,2.0,2311.5,2.0,2380.0,2.0,41.3,2.0,,9.0,26.8,2.0,449.7,2.0,0.0,2.0,0.0,2.0,1.583,1.0,0.421,2.0,0.233,2.0,0.047,2.0,0.001,2.0,99.846,2.0,4.4028,2.0,,,,,['I08N'],2019-12-05,2019-12-27,Akiko
612,36.0,1.0,20.0,,  I08N,1220.0,2.0,20191212.0,1332.0,-4.002,79.9974,4630,1599.4,3.7578,3.7584,2.0,34.7903,2.0,34.7907,2.0,104.7,2.0,104.7,2.0,109.49,2.0,36.6,2.0,0.01,2.0,2.64,2.0,0.03,2.0,0.014,2.0,0.005,2.0,0.002,2.0,0.012,2.0,2315.2,2.0,2389.4,2.0,37.3,2.0,,9.0,5.4,2.0,471.8,2.0,0.0,2.0,0.0,2.0,1.591,1.0,,9.0,,9.0,,9.0,0.0,2.0,99.857,2.0,3.7584,2.0,,,,,['I08N'],2019-12-05,2019-12-27,Akiko
613,36.0,1.0,19.0,,  I08N,1219.0,2.0,20191212.0,1332.0,-4.002,79.9974,4630,1800.4,3.1932,3.193,2.0,34.7779,2.0,34.7783,2.0,118.1,2.0,118.1,2.0,115.08,2.0,36.14,2.0,0.0,2.0,2.59,2.0,0.02,2.0,0.015,2.0,0.006,2.0,0.001,2.0,0.01,2.0,2316.3,2.0,2396.7,2.0,36.3,2.0,,9.0,,9.0,,9.0,0.0,2.0,0.0,2.0,1.588,1.0,0.392,2.0,0.199,2.0,0.041,2.0,0.0,2.0,99.867,2.0,3.193,2.0,,,,,['I08N'],2019-12-05,2019-12-27,Akiko
614,36.0,1.0,18.0,,  I08N,1218.0,2.0,20191212.0,1332.0,-4.002,79.9974,4630,1998.0,2.7745,2.7748,2.0,34.7694,2.0,34.7696,2.0,128.6,2.0,128.7,2.0,120.48,2.0,35.77,2.0,0.0,2.0,2.55,2.0,0.0,2.0,0.013,2.0,0.004,2.0,0.0,2.0,0.005,2.0,2313.9,2.0,2396.6,2.0,38.8,2.0,,9.0,,9.0,,9.0,0.0,2.0,0.0,2.0,1.573,1.0,,9.0,,9.0,,9.0,0.0,2.0,99.857,2.0,2.7748,2.0,,,,,['I08N'],2019-12-05,2019-12-27,Akiko
615,36.0,1.0,17.0,,  I08N,1217.0,2.0,20191212.0,1332.0,-4.002,79.9974,4630,2199.8,2.4826,2.4828,2.0,34.7575,2.0,34.7576,2.0,138.2,2.0,138.5,2.0,123.08,2.0,35.35,2.0,0.01,2.0,2.5,2.0,0.03,2.0,0.013,2.0,0.005,2.0,0.007,2.0,0.02,2.0,2314.3,2.0,2399.7,2.0,37.6,2.0,,9.0,,9.0,,9.0,0.0,2.0,0.0,2.0,1.542,1.0,0.402,2.0,0.211,2.0,0.045,2.0,0.0,2.0,99.87,2.0,2.4828,2.0,,,,,['I08N'],2019-12-05,2019-12-27,Akiko
616,36.0,1.0,16.0,,  I08N,1216.0,2.0,20191212.0,1332.0,-4.002,79.9974,4630,2400.7,2.1538,2.1537,2.0,34.746,2.0,34.7462,2.0,147.9,2.0,148.2,2.0,125.71,2.0,34.95,2.0,0.0,2.0,2.45,2.0,0.03,2.0,0.013,2.0,0.006,2.0,0.003,2.0,0.003,2.0,2311.3,6.0,2404.0,2.0,40.9,2.0,,9.0,,9.0,,9.0,0.0,2.0,0.0,2.0,1.524,1.0,,9.0,,9.0,,9.0,0.001,2.0,99.874,2.0,2.1537,2.0,,,,,['I08N'],2019-12-05,2019-12-27,Akiko
617,36.0,1.0,15.0,,  I08N,1215.0,2.0,20191212.0,1332.0,-4.002,79.9974,4630,2600.3,1.98,1.98,2.0,34.7401,2.0,34.7396,2.0,153.4,2.0,153.5,2.0,127.34,2.0,34.75,2.0,0.01,2.0,2.43,2.0,0.05,2.0,0.014,2.0,0.004,2.0,0.001,2.0,0.003,2.0,2309.1,2.0,2406.7,2.0,38.7,2.0,,9.0,,9.0,,9.0,0.0,2.0,0.0,2.0,1.519,1.0,0.39,2.0,0.195,2.0,0.04,2.0,0.0,2.0,99.876,2.0,1.98,2.0,,,,,['I08N'],2019-12-05,2019-12-27,Akiko
618,36.0,1.0,14.0,,  I08N,1214.0,2.0,20191212.0,1332.0,-4.002,79.9974,4630,2800.5,1.8677,1.868,2.0,34.7358,2.0,34.7353,2.0,157.4,2.0,157.4,2.0,129.0,2.0,34.56,2.0,0.01,2.0,2.42,2.0,0.04,2.0,0.018,2.0,0.008,2.0,0.004,2.0,0.015,2.0,2312.1,2.0,2406.4,2.0,39.8,2.0,,9.0,,9.0,,9.0,0.0,2.0,0.0,2.0,1.508,1.0,,9.0,,9.0,,9.0,-0.001,2.0,99.878,2.0,1.868,2.0,,,,,['I08N'],2019-12-05,2019-12-27,Akiko
619,36.0,1.0,13.0,,  I08N,1213.0,2.0,20191212.0,1332.0,-4.002,79.9974,4630,3000.5,1.7572,1.7571,2.0,34.7319,2.0,34.7319,2.0,159.9,2.0,159.8,2.0,131.79,2.0,34.64,2.0,0.02,2.0,2.41,2.0,0.05,2.0,0.01,2.0,0.005,2.0,0.001,2.0,0.019,2.0,2310.3,2.0,2408.0,2.0,34.7,2.0,,9.0,,9.0,,9.0,0.0,2.0,0.0,2.0,1.503,1.0,0.376,2.0,0.189,2.0,0.042,2.0,0.001,2.0,99.882,2.0,1.7571,2.0,,,,,['I08N'],2019-12-05,2019-12-27,Akiko
620,36.0,1.0,12.0,,  I08N,1212.0,2.0,20191212.0,1332.0,-4.002,79.9974,4630,3250.3,1.6218,1.6217,2.0,34.7272,2.0,34.727,2.0,163.5,2.0,163.7,2.0,134.26,2.0,34.57,2.0,0.01,2.0,2.4,2.0,0.06,2.0,0.017,2.0,0.007,2.0,0.001,2.0,0.011,2.0,2317.1,3.0,2412.0,6.0,39.4,2.0,,9.0,,9.0,,9.0,0.0,2.0,0.0,2.0,1.497,1.0,,9.0,,9.0,,9.0,0.0,2.0,99.88,2.0,1.6217,2.0,,,,,['I08N'],2019-12-05,2019-12-27,Akiko
621,36.0,1.0,11.0,,  I08N,1211.0,2.0,20191212.0,1332.0,-4.002,79.9974,4630,3499.5,1.5,1.5004,2.0,34.7228,2.0,34.7232,2.0,166.9,2.0,166.8,2.0,136.7,2.0,34.43,2.0,0.02,2.0,2.38,2.0,0.06,2.0,0.013,2.0,0.005,2.0,0.004,2.0,0.024,2.0,2312.4,2.0,2416.1,2.0,37.5,2.0,,9.0,,9.0,,9.0,0.0,2.0,0.0,2.0,1.508,1.0,0.379,2.0,0.191,2.0,0.041,2.0,0.0,2.0,99.897,2.0,1.5004,2.0,,,,,['I08N'],2019-12-05,2019-12-27,Akiko
622,36.0,1.0,10.0,,  I08N,1210.0,2.0,20191212.0,1332.0,-4.002,79.9974,4630,3750.6,1.4282,1.4281,2.0,34.7201,2.0,34.7201,2.0,170.7,2.0,170.7,2.0,137.04,2.0,34.31,2.0,0.0,2.0,2.37,2.0,0.04,2.0,0.013,2.0,0.006,2.0,0.002,2.0,0.001,2.0,2313.0,2.0,2418.3,2.0,35.0,2.0,,9.0,,9.0,,9.0,0.0,2.0,0.0,2.0,1.498,1.0,,9.0,,9.0,,9.0,0.0,2.0,99.918,2.0,1.4281,2.0,,,,,['I08N'],2019-12-05,2019-12-27,Akiko
623,36.0,1.0,9.0,,  I08N,1209.0,2.0,20191212.0,1332.0,-4.002,79.9974,4630,3999.5,1.3998,1.4001,2.0,34.7187,2.0,34.719,2.0,174.1,2.0,174.1,2.0,136.33,2.0,34.11,2.0,0.01,2.0,2.35,2.0,0.02,2.0,0.015,2.0,0.007,2.0,0.002,2.0,0.019,2.0,2309.0,2.0,2417.2,2.0,28.0,4.0,,9.0,,9.0,,9.0,0.0,2.0,0.0,2.0,1.476,1.0,0.384,2.0,0.203,2.0,0.045,2.0,-0.001,2.0,99.905,2.0,1.4001,2.0,,,,,['I08N'],2019-12-05,2019-12-27,Akiko
624,36.0,1.0,8.0,,  I08N,12103.0,2.0,20191212.0,1332.0,-4.002,79.9974,4630,4249.8,1.3847,1.3847,2.0,34.7175,2.0,34.7188,2.0,177.6,2.0,177.8,2.0,135.15,2.0,33.77,2.0,0.01,2.0,2.34,2.0,0.03,2.0,0.015,2.0,0.007,2.0,0.004,2.0,0.011,2.0,2305.1,6.0,2411.7,2.0,33.4,2.0,,9.0,,9.0,,9.0,0.0,2.0,0.0,2.0,1.471,1.0,,9.0,,9.0,,9.0,0.0,2.0,99.924,2.0,1.3847,2.0,,,,,['I08N'],2019-12-05,2019-12-27,Akiko
625,36.0,1.0,7.0,,  I08N,1207.0,2.0,20191212.0,1332.0,-4.002,79.9974,4630,4499.5,1.3821,1.382,2.0,34.7166,2.0,34.7172,2.0,179.6,2.0,179.8,2.0,134.62,2.0,33.79,2.0,0.01,2.0,2.33,2.0,0.03,2.0,0.016,2.0,0.006,2.0,0.002,2.0,0.016,2.0,2303.3,2.0,2409.7,2.0,35.6,2.0,,9.0,,9.0,,9.0,0.0,2.0,0.0,2.0,1.464,1.0,0.334,2.0,0.167,2.0,0.031,2.0,-0.001,2.0,99.929,2.0,1.382,2.0,,,,,['I08N'],2019-12-05,2019-12-27,Akiko
626,36.0,1.0,6.0,,  I08N,1206.0,9.0,20191212.0,1332.0,-4.002,79.9974,4630,,,,9.0,,9.0,,9.0,,9.0,,9.0,,9.0,,9.0,,9.0,,9.0,,9.0,,9.0,,9.0,,9.0,,9.0,,9.0,,9.0,,9.0,,9.0,,9.0,,9.0,,9.0,,9.0,,9.0,,9.0,,9.0,,9.0,,9.0,,9.0,,9.0,,,,,['I08N'],2019-12-05,2019-12-27,Akiko
627,36.0,1.0,5.0,,  I08N,1205.0,9.0,20191212.0,1332.0,-4.002,79.9974,4630,,,,9.0,,9.0,,9.0,,9.0,,9.0,,9.0,,9.0,,9.0,,9.0,,9.0,,9.0,,9.0,,9.0,,9.0,,9.0,,9.0,,9.0,,9.0,,9.0,,9.0,,9.0,,9.0,,9.0,,9.0,,9.0,,9.0,,9.0,,9.0,,9.0,,,,,['I08N'],2019-12-05,2019-12-27,Akiko
628,36.0,1.0,4.0,,  I08N,1204.0,9.0,20191212.0,1332.0,-4.002,79.9974,4630,,,,9.0,,9.0,,9.0,,9.0,,9.0,,9.0,,9.0,,9.0,,9.0,,9.0,,9.0,,9.0,,9.0,,9.0,,9.0,,9.0,,9.0,,9.0,,9.0,,9.0,,9.0,,9.0,,9.0,,9.0,,9.0,,9.0,,9.0,,9.0,,9.0,,,,,['I08N'],2019-12-05,2019-12-27,Akiko
629,36.0,1.0,3.0,,  I08N,1203.0,9.0,20191212.0,1332.0,-4.002,79.9974,4630,,,,9.0,,9.0,,9.0,,9.0,,9.0,,9.0,,9.0,,9.0,,9.0,,9.0,,9.0,,9.0,,9.0,,9.0,,9.0,,9.0,,9.0,,9.0,,9.0,,9.0,,9.0,,9.0,,9.0,,9.0,,9.0,,9.0,,9.0,,9.0,,9.0,,,,,['I08N'],2019-12-05,2019-12-27,Akiko
630,36.0,1.0,2.0,,  I08N,12046.0,2.0,20191212.0,1332.0,-4.002,79.9974,4630,75.5,27.2579,27.3076,2.0,34.5653,2.0,34.5671,2.0,189.1,2.0,188.3,2.0,2.79,2.0,0.98,2.0,0.04,2.0,0.19,2.0,0.1,2.0,,9.0,,9.0,,9.0,,9.0,1978.7,2.0,2271.5,2.0,64.3,2.0,0.47,2.0,39.8,2.0,285.5,2.0,0.0,2.0,0.0,2.0,1.229,1.0,0.294,2.0,0.148,2.0,0.024,2.0,0.435,2.0,98.409,2.0,27.3076,2.0,,,,,['I08N'],2019-12-05,2019-12-27,Akiko
631,36.0,1.0,1.0,,  I08N,1201.0,2.0,20191212.0,1332.0,-4.002,79.9974,4630,4686.3,1.399,1.3991,2.0,34.7167,2.0,34.7173,2.0,180.0,2.0,180.4,2.0,134.4,2.0,33.86,2.0,0.01,2.0,2.32,2.0,0.03,2.0,0.017,2.0,0.006,2.0,0.005,2.0,0.074,2.0,2300.9,2.0,2410.6,2.0,34.4,2.0,,9.0,,9.0,,9.0,0.0,2.0,0.0,2.0,1.46,1.0,0.306,2.0,0.162,2.0,0.027,2.0,-0.001,2.0,99.931,2.0,1.3991,2.0,,,,,['I08N'],2019-12-05,2019-12-27,Akiko
632,38.0,1.0,36.0,,  I08N,1236.0,2.0,20191213.0,48.0,-4.9993,79.9982,5140,10.3,28.487,28.4848,2.0,34.5461,2.0,34.5451,2.0,197.2,2.0,197.2,2.0,1.55,2.0,0.03,2.0,0.0,2.0,0.1,2.0,0.02,2.0,1.424,2.0,0.919,2.0,0.116,2.0,1.597,2.0,1948.2,2.0,2267.6,2.0,,9.0,0.14,2.0,45.1,2.0,281.9,2.0,297.726,2.0,297.726,2.0,1.082,1.0,,9.0,,9.0,,9.0,0.079,2.0,98.633,2.0,28.4848,2.0,,,,,['I08N'],2019-12-05,2019-12-27,Akiko
633,38.0,1.0,35.0,,  I08N,1235.0,2.0,20191213.0,48.0,-4.9993,79.9982,5140,49.9,28.4725,28.4737,2.0,34.6953,2.0,34.6989,2.0,196.8,2.0,197.0,2.0,1.61,2.0,0.01,2.0,0.0,2.0,0.11,2.0,0.02,2.0,1.436,2.0,0.922,2.0,0.121,2.0,1.617,2.0,1959.3,2.0,2276.4,2.0,,9.0,0.18,2.0,50.0,2.0,294.3,2.0,40.325,2.0,40.325,2.0,1.153,1.0,,9.0,,9.0,,9.0,0.17,2.0,98.743,2.0,28.4737,2.0,,,,,['I08N'],2019-12-05,2019-12-27,Akiko
634,38.0,1.0,34.0,,  I08N,1234.0,2.0,20191213.0,48.0,-4.9993,79.9982,5140,100.3,19.421,19.4241,2.0,34.5213,2.0,34.5216,2.0,105.3,2.0,105.0,2.0,19.05,2.0,16.75,2.0,0.11,2.0,1.17,2.0,0.02,2.0,1.577,2.0,0.952,2.0,0.02,2.0,1.146,2.0,2109.3,2.0,2277.0,2.0,,9.0,0.32,2.0,45.9,2.0,399.8,2.0,1.894,2.0,1.894,2.0,1.402,1.0,,9.0,,9.0,,9.0,0.294,2.0,98.924,2.0,19.4241,2.0,,,,,['I08N'],2019-12-05,2019-12-27,Akiko
635,38.0,1.0,33.0,,  I08N,1233.0,2.0,20191213.0,48.0,-4.9993,79.9982,5140,149.8,15.3968,15.3956,2.0,34.5477,2.0,34.5871,2.0,102.2,2.0,96.6,2.0,27.64,2.0,21.56,2.0,0.01,2.0,1.51,2.0,0.01,2.0,1.499,2.0,0.92,2.0,0.011,2.0,0.871,2.0,2155.7,2.0,2289.8,2.0,,9.0,0.04,2.0,29.9,2.0,427.7,2.0,0.0,2.0,0.0,2.0,1.486,1.0,,9.0,,9.0,,9.0,0.029,2.0,99.489,2.0,15.3956,2.0,,,,,['I08N'],2019-12-05,2019-12-27,Akiko
636,38.0,1.0,32.0,,  I08N,1232.0,2.0,20191213.0,48.0,-4.9993,79.9982,5140,198.4,12.511,12.5118,2.0,34.8815,2.0,34.8952,2.0,58.8,2.0,58.8,2.0,28.73,2.0,28.29,2.0,0.01,2.0,1.94,2.0,0.03,2.0,1.46,2.0,0.822,2.0,0.008,2.0,0.488,2.0,2218.3,2.0,2307.2,2.0,,9.0,0.01,2.0,41.4,2.0,442.3,2.0,0.0,2.0,0.0,2.0,1.527,1.0,,9.0,,9.0,,9.0,-0.002,2.0,99.59,2.0,12.5118,2.0,,,,,['I08N'],2019-12-05,2019-12-27,Akiko
637,38.0,1.0,31.0,,  I08N,1231.0,2.0,20191213.0,48.0,-4.9993,79.9982,5140,250.8,11.763,11.762,2.0,34.9965,2.0,34.9956,2.0,82.9,2.0,82.4,2.0,22.21,2.0,26.7,2.0,0.01,2.0,1.79,2.0,0.04,2.0,1.728,2.0,0.98,2.0,0.014,2.0,0.592,2.0,2209.5,2.0,2309.1,2.0,,9.0,0.01,2.0,42.2,2.0,432.9,2.0,0.0,2.0,0.0,2.0,1.47,1.0,,9.0,,9.0,,9.0,0.002,2.0,99.578,2.0,11.762,2.0,,,,,['I08N'],2019-12-05,2019-12-27,Akiko
638,38.0,1.0,30.0,,  I08N,1230.0,2.0,20191213.0,48.0,-4.9993,79.9982,5140,330.6,10.5441,10.5436,2.0,34.9088,2.0,34.9087,2.0,85.0,2.0,84.7,2.0,25.89,2.0,28.91,2.0,0.01,2.0,1.92,2.0,0.05,2.0,1.519,2.0,0.829,2.0,0.017,2.0,0.41,2.0,2219.6,2.0,2306.9,2.0,,9.0,,9.0,85.9,2.0,444.9,2.0,0.0,2.0,0.0,2.0,1.465,1.0,,9.0,,9.0,,9.0,0.003,2.0,99.626,2.0,10.5436,2.0,,,,,['I08N'],2019-12-05,2019-12-27,Akiko
639,38.0,1.0,29.0,,  I08N,1229.0,2.0,20191213.0,48.0,-4.9993,79.9982,5140,429.3,9.7665,9.7671,2.0,34.8775,2.0,34.8772,2.0,90.8,2.0,90.4,2.0,30.76,2.0,29.84,2.0,0.0,2.0,2.02,2.0,0.03,2.0,1.325,2.0,0.711,2.0,0.019,2.0,0.34,2.0,2226.6,2.0,2311.4,2.0,,9.0,,9.0,45.4,2.0,440.1,2.0,0.0,2.0,0.0,2.0,1.434,1.0,,9.0,,9.0,,9.0,0.004,2.0,99.681,2.0,9.7671,2.0,,,,,['I08N'],2019-12-05,2019-12-27,Akiko
640,38.0,1.0,28.0,,  I08N,1228.0,2.0,20191213.0,48.0,-4.9993,79.9982,5140,529.3,8.9344,8.9342,2.0,34.8477,2.0,34.849,2.0,81.9,2.0,81.6,2.0,41.1,2.0,31.91,2.0,0.0,2.0,2.23,2.0,0.01,2.0,0.841,2.0,0.46,2.0,0.008,2.0,0.218,2.0,2239.4,2.0,2320.2,2.0,,9.0,,9.0,38.3,2.0,454.6,2.0,0.0,2.0,0.0,2.0,1.481,1.0,,9.0,,9.0,,9.0,0.002,2.0,99.732,2.0,8.9342,2.0,,,,,['I08N'],2019-12-05,2019-12-27,Akiko
641,38.0,1.0,27.0,,  I08N,1227.0,2.0,20191213.0,48.0,-4.9993,79.9982,5140,630.8,8.2641,8.2636,2.0,34.8338,2.0,34.8343,2.0,69.6,2.0,69.1,2.0,52.34,2.0,34.26,2.0,0.01,2.0,2.43,2.0,0.03,2.0,0.423,2.0,0.242,2.0,0.005,2.0,0.095,2.0,2263.1,2.0,2328.9,2.0,,9.0,,9.0,26.4,2.0,476.1,2.0,0.0,2.0,0.0,2.0,1.519,1.0,,9.0,,9.0,,9.0,0.001,2.0,99.761,2.0,8.2636,2.0,,,,,['I08N'],2019-12-05,2019-12-27,Akiko
642,38.0,1.0,26.0,,  I08N,1226.0,2.0,20191213.0,48.0,-4.9993,79.9982,5140,729.8,7.5242,7.5242,2.0,34.8229,2.0,34.8208,2.0,65.9,2.0,66.1,2.0,64.1,2.0,35.33,2.0,0.0,2.0,2.53,2.0,0.02,2.0,0.238,2.0,0.138,2.0,0.006,2.0,0.067,2.0,2273.4,6.0,2340.9,2.0,,9.0,,9.0,32.9,2.0,454.5,2.0,0.0,2.0,0.0,2.0,1.546,1.0,,9.0,,9.0,,9.0,0.002,2.0,99.782,2.0,7.5242,2.0,,,,,['I08N'],2019-12-05,2019-12-27,Akiko
643,38.0,1.0,25.0,,  I08N,1225.0,2.0,20191213.0,48.0,-4.9993,79.9982,5140,829.9,7.048,7.0482,2.0,34.8443,2.0,34.8403,2.0,64.2,2.0,64.8,2.0,72.17,2.0,36.11,2.0,0.0,2.0,2.6,2.0,0.02,2.0,0.163,2.0,0.095,2.0,0.003,2.0,0.025,2.0,2284.3,2.0,2352.0,2.0,,9.0,,9.0,39.2,2.0,448.7,2.0,0.0,2.0,0.0,2.0,1.563,1.0,,9.0,,9.0,,9.0,0.001,2.0,99.801,2.0,7.0482,2.0,,,,,['I08N'],2019-12-05,2019-12-27,Akiko
644,38.0,1.0,24.0,,  I08N,1224.0,2.0,20191213.0,48.0,-4.9993,79.9982,5140,930.2,6.5042,6.5035,2.0,34.8401,2.0,34.843,2.0,64.9,2.0,64.9,2.0,79.34,2.0,36.76,2.0,0.0,2.0,2.65,2.0,0.02,2.0,0.098,2.0,0.055,2.0,0.003,2.0,0.01,2.0,2291.7,2.0,2359.3,2.0,,9.0,,9.0,60.6,2.0,462.4,2.0,0.0,2.0,0.0,2.0,1.584,1.0,,9.0,,9.0,,9.0,0.001,2.0,99.81,2.0,6.5035,2.0,,,,,['I08N'],2019-12-05,2019-12-27,Akiko
645,38.0,1.0,23.0,,  I08N,1223.0,2.0,20191213.0,48.0,-4.9993,79.9982,5140,1069.3,5.9027,5.9024,2.0,34.8431,2.0,34.8426,2.0,67.8,2.0,68.2,2.0,87.73,2.0,37.02,2.0,0.0,2.0,2.7,2.0,0.02,2.0,0.055,2.0,0.03,2.0,0.002,2.0,0.016,2.0,2304.1,2.0,2367.1,2.0,,9.0,,9.0,52.5,2.0,459.7,2.0,0.0,2.0,0.0,2.0,1.594,1.0,,9.0,,9.0,,9.0,0.001,2.0,99.833,2.0,5.9024,2.0,,,,,['I08N'],2019-12-05,2019-12-27,Akiko
646,38.0,1.0,22.0,,  I08N,1222.0,2.0,20191213.0,48.0,-4.9993,79.9982,5140,1270.1,4.9262,4.9261,2.0,34.7977,2.0,34.7978,2.0,83.0,2.0,83.2,2.0,97.22,2.0,36.99,2.0,0.0,2.0,2.68,2.0,0.0,2.0,0.025,2.0,0.011,2.0,0.001,2.0,0.006,2.0,2305.5,2.0,2374.8,6.0,,9.0,,9.0,51.1,2.0,470.2,2.0,0.0,2.0,0.0,2.0,1.584,1.0,,9.0,,9.0,,9.0,0.002,2.0,99.845,2.0,4.9261,2.0,,,,,['I08N'],2019-12-05,2019-12-27,Akiko
647,38.0,1.0,21.0,,  I08N,1221.0,2.0,20191213.0,48.0,-4.9993,79.9982,5140,1469.5,4.2155,4.215,2.0,34.7912,2.0,34.7922,2.0,95.8,2.0,95.8,2.0,104.17,2.0,36.87,2.0,0.0,2.0,2.66,2.0,0.03,2.0,0.016,2.0,0.008,2.0,0.001,2.0,0.005,2.0,2308.8,2.0,2381.7,2.0,,9.0,,9.0,46.0,2.0,463.2,2.0,0.0,2.0,0.0,2.0,1.579,1.0,,9.0,,9.0,,9.0,0.001,2.0,99.856,2.0,4.215,2.0,,,,,['I08N'],2019-12-05,2019-12-27,Akiko
648,38.0,1.0,20.0,,  I08N,1220.0,2.0,20191213.0,48.0,-4.9993,79.9982,5140,1667.0,3.5635,3.563,2.0,34.7798,2.0,34.7811,2.0,111.8,2.0,111.8,2.0,109.64,2.0,36.31,2.0,0.0,2.0,2.6,2.0,0.03,2.0,0.014,2.0,0.005,2.0,0.002,2.0,0.001,2.0,2307.9,2.0,2388.4,2.0,,9.0,,9.0,32.1,2.0,492.9,2.0,0.0,2.0,0.0,2.0,1.566,1.0,,9.0,,9.0,,9.0,0.0,2.0,99.86,2.0,3.563,2.0,,,,,['I08N'],2019-12-05,2019-12-27,Akiko
649,38.0,1.0,19.0,,  I08N,1219.0,2.0,20191213.0,48.0,-4.9993,79.9982,5140,1868.8,3.0826,3.0871,2.0,34.7726,2.0,34.7724,2.0,123.4,2.0,123.4,3.0,114.86,2.0,35.77,2.0,0.0,2.0,2.55,2.0,0.05,2.0,0.013,2.0,0.005,2.0,0.003,2.0,0.003,2.0,2305.7,2.0,2393.9,2.0,,9.0,,9.0,,9.0,,9.0,0.0,2.0,0.0,2.0,1.581,1.0,,9.0,,9.0,,9.0,-0.001,2.0,99.862,2.0,3.0871,2.0,,,,,['I08N'],2019-12-05,2019-12-27,Akiko
650,38.0,1.0,18.0,,  I08N,1218.0,2.0,20191213.0,48.0,-4.9993,79.9982,5140,2069.3,2.6601,2.661,2.0,34.7597,2.0,34.7598,2.0,134.4,2.0,134.2,3.0,119.27,2.0,35.52,2.0,0.0,2.0,2.51,2.0,0.03,2.0,0.011,2.0,0.005,2.0,0.001,2.0,0.005,2.0,2307.5,2.0,2398.0,2.0,,9.0,,9.0,,9.0,,9.0,0.0,2.0,0.0,2.0,1.555,1.0,,9.0,,9.0,,9.0,-0.001,2.0,99.877,2.0,2.661,2.0,,,,,['I08N'],2019-12-05,2019-12-27,Akiko
651,38.0,1.0,17.0,,  I08N,1217.0,2.0,20191213.0,48.0,-4.9993,79.9982,5140,2268.2,2.3648,2.3643,2.0,34.7511,2.0,34.7511,2.0,142.3,2.0,142.7,3.0,122.82,2.0,35.35,2.0,0.0,2.0,2.48,2.0,0.02,2.0,0.013,2.0,0.005,2.0,0.0,2.0,0.016,2.0,2305.3,2.0,2400.0,2.0,,9.0,,9.0,,9.0,,9.0,0.0,2.0,0.0,2.0,1.538,1.0,,9.0,,9.0,,9.0,0.0,2.0,99.879,2.0,2.3643,2.0,,,,,['I08N'],2019-12-05,2019-12-27,Akiko
652,38.0,1.0,16.0,,  I08N,1216.0,2.0,20191213.0,48.0,-4.9993,79.9982,5140,2469.5,2.1183,2.1189,2.0,34.7435,2.0,34.7434,2.0,150.8,2.0,150.7,3.0,124.72,2.0,34.9,2.0,0.0,2.0,2.44,2.0,0.02,2.0,0.015,2.0,0.005,2.0,0.004,2.0,0.002,2.0,2304.7,6.0,2401.8,2.0,,9.0,,9.0,,9.0,,9.0,0.0,2.0,0.0,2.0,1.517,1.0,,9.0,,9.0,,9.0,0.0,2.0,99.883,2.0,2.1189,2.0,,,,,['I08N'],2019-12-05,2019-12-27,Akiko
653,38.0,1.0,15.0,,  I08N,1215.0,2.0,20191213.0,48.0,-4.9993,79.9982,5140,2671.1,1.9408,1.9407,2.0,34.7374,2.0,34.7376,2.0,156.7,2.0,156.5,3.0,126.21,2.0,34.49,2.0,0.0,2.0,2.4,2.0,0.04,2.0,0.012,2.0,0.005,2.0,0.001,2.0,0.032,2.0,2305.1,2.0,2402.1,2.0,,9.0,,9.0,,9.0,,9.0,0.0,2.0,0.0,2.0,1.504,1.0,,9.0,,9.0,,9.0,-0.001,2.0,99.883,2.0,1.9407,2.0,,,,,['I08N'],2019-12-05,2019-12-27,Akiko
654,38.0,1.0,14.0,,  I08N,1214.0,2.0,20191213.0,48.0,-4.9993,79.9982,5140,2870.2,1.8102,1.8113,2.0,34.733,2.0,34.7322,2.0,160.9,2.0,160.8,3.0,127.98,2.0,34.39,2.0,0.0,2.0,2.39,2.0,0.02,2.0,0.011,2.0,0.005,2.0,0.001,2.0,0.004,2.0,2303.1,2.0,2401.7,2.0,,9.0,,9.0,,9.0,,9.0,0.0,2.0,0.0,2.0,1.489,1.0,,9.0,,9.0,,9.0,-0.001,2.0,99.883,2.0,1.8113,2.0,,,,,['I08N'],2019-12-05,2019-12-27,Akiko
655,38.0,1.0,13.0,,  I08N,1213.0,2.0,20191213.0,48.0,-4.9993,79.9982,5140,3079.4,1.6824,1.6831,2.0,34.7291,2.0,34.7282,2.0,162.8,2.0,162.9,3.0,131.29,2.0,34.47,2.0,0.0,2.0,2.39,2.0,0.02,2.0,0.014,2.0,0.006,2.0,0.001,2.0,0.001,2.0,2310.0,3.0,2407.9,2.0,,9.0,,9.0,,9.0,,9.0,0.0,2.0,0.0,2.0,1.498,1.0,,9.0,,9.0,,9.0,0.0,2.0,99.883,2.0,1.6831,2.0,,,,,['I08N'],2019-12-05,2019-12-27,Akiko
656,38.0,1.0,12.0,,  I08N,1212.0,2.0,20191213.0,48.0,-4.9993,79.9982,5140,3327.6,1.5495,1.5498,2.0,34.7246,2.0,34.7234,2.0,165.9,2.0,165.8,3.0,134.51,2.0,34.65,2.0,0.01,2.0,2.38,2.0,0.02,2.0,0.015,2.0,0.005,2.0,0.003,2.0,0.017,2.0,2308.0,2.0,2411.4,6.0,,9.0,,9.0,,9.0,,9.0,0.0,2.0,0.0,2.0,1.506,1.0,,9.0,,9.0,,9.0,0.0,2.0,99.883,2.0,1.5498,2.0,,,,,['I08N'],2019-12-05,2019-12-27,Akiko
657,38.0,1.0,11.0,,  I08N,1211.0,2.0,20191213.0,48.0,-4.9993,79.9982,5140,3580.4,1.4713,1.4712,2.0,34.7219,2.0,34.7213,2.0,168.4,2.0,168.2,3.0,136.34,2.0,34.56,2.0,0.0,2.0,2.38,2.0,0.01,2.0,0.013,2.0,0.005,2.0,0.001,2.0,0.007,2.0,2310.9,2.0,2415.0,2.0,,9.0,,9.0,,9.0,,9.0,0.0,2.0,0.0,2.0,1.499,1.0,,9.0,,9.0,,9.0,0.0,2.0,99.902,2.0,1.4712,2.0,,,,,['I08N'],2019-12-05,2019-12-27,Akiko
658,38.0,1.0,10.0,,  I08N,1210.0,2.0,20191213.0,48.0,-4.9993,79.9982,5140,3828.3,1.4248,1.4246,2.0,34.7199,2.0,34.719,2.0,171.7,2.0,171.4,3.0,136.67,2.0,34.29,2.0,0.0,2.0,2.37,2.0,0.02,2.0,0.018,2.0,0.007,2.0,0.001,2.0,0.001,2.0,2310.0,2.0,2416.3,2.0,,9.0,,9.0,,9.0,,9.0,0.0,2.0,0.0,2.0,1.499,1.0,,9.0,,9.0,,9.0,-0.001,2.0,99.907,2.0,1.4246,2.0,,,,,['I08N'],2019-12-05,2019-12-27,Akiko
659,38.0,1.0,9.0,,  I08N,1209.0,2.0,20191213.0,48.0,-4.9993,79.9982,5140,4079.3,1.4089,1.4087,2.0,34.7186,2.0,34.719,2.0,174.7,2.0,174.5,3.0,135.68,2.0,34.12,2.0,0.0,2.0,2.36,2.0,0.04,2.0,0.015,2.0,0.004,2.0,0.001,2.0,0.001,2.0,2306.2,2.0,2413.3,2.0,,9.0,,9.0,,9.0,,9.0,0.0,2.0,0.0,2.0,1.477,1.0,,9.0,,9.0,,9.0,-0.001,2.0,99.904,2.0,1.4087,2.0,,,,,['I08N'],2019-12-05,2019-12-27,Akiko
660,38.0,1.0,8.0,,  I08N,12103.0,2.0,20191213.0,48.0,-4.9993,79.9982,5140,4329.9,1.3981,1.3981,2.0,34.7177,2.0,34.7183,2.0,177.4,2.0,177.3,3.0,134.82,2.0,34.11,2.0,0.01,2.0,2.33,2.0,0.05,2.0,0.014,2.0,0.005,2.0,0.003,2.0,0.006,2.0,2304.0,6.0,2410.7,2.0,,9.0,,9.0,,9.0,,9.0,0.0,2.0,0.0,2.0,1.458,1.0,,9.0,,9.0,,9.0,0.0,2.0,99.911,2.0,1.3981,2.0,,,,,['I08N'],2019-12-05,2019-12-27,Akiko
661,38.0,1.0,7.0,,  I08N,1207.0,2.0,20191213.0,48.0,-4.9993,79.9982,5140,4579.5,1.3963,1.3963,2.0,34.717,2.0,34.7168,2.0,179.7,2.0,179.6,3.0,134.29,2.0,33.91,2.0,0.0,2.0,2.33,2.0,0.04,2.0,0.015,2.0,0.007,2.0,0.001,2.0,0.002,2.0,2301.7,2.0,2409.2,2.0,,9.0,,9.0,,9.0,,9.0,0.0,2.0,0.0,2.0,1.45,1.0,,9.0,,9.0,,9.0,0.0,2.0,99.911,2.0,1.3963,2.0,,,,,['I08N'],2019-12-05,2019-12-27,Akiko
662,38.0,1.0,6.0,,  I08N,1206.0,2.0,20191213.0,48.0,-4.9993,79.9982,5140,4832.1,1.4098,1.4098,2.0,34.7167,2.0,34.7163,2.0,180.6,2.0,180.6,3.0,133.86,2.0,33.87,2.0,0.0,2.0,2.33,2.0,0.02,2.0,0.015,2.0,0.006,2.0,0.0,2.0,0.003,2.0,2300.5,2.0,2407.8,6.0,,9.0,,9.0,,9.0,,9.0,0.0,2.0,0.0,2.0,1.454,1.0,,9.0,,9.0,,9.0,0.0,2.0,99.911,2.0,1.4098,2.0,,,,,['I08N'],2019-12-05,2019-12-27,Akiko
663,38.0,1.0,5.0,,  I08N,1205.0,2.0,20191213.0,48.0,-4.9993,79.9982,5140,5080.5,1.425,1.425,2.0,34.7164,2.0,34.7169,2.0,181.9,2.0,182.0,3.0,133.07,2.0,33.86,2.0,0.0,2.0,2.32,2.0,0.03,2.0,0.017,2.0,0.006,2.0,0.004,2.0,0.001,2.0,2298.6,2.0,2406.9,2.0,,9.0,,9.0,,9.0,,9.0,0.0,2.0,0.0,2.0,1.457,1.0,,9.0,,9.0,,9.0,0.0,2.0,99.919,2.0,1.425,2.0,,,,,['I08N'],2019-12-05,2019-12-27,Akiko
664,38.0,1.0,2.0,,  I08N,12046.0,2.0,20191213.0,48.0,-4.9993,79.9982,5140,88.3,23.0798,23.0606,2.0,34.6034,2.0,34.607,2.0,136.1,2.0,132.9,3.0,9.89,2.0,9.18,2.0,0.24,2.0,0.74,2.0,0.13,2.0,,9.0,,9.0,,9.0,,9.0,2064.2,2.0,2275.8,2.0,,9.0,0.47,2.0,62.3,2.0,339.3,2.0,5.066,2.0,5.066,2.0,1.427,1.0,,9.0,,9.0,,9.0,0.441,2.0,98.412,2.0,23.0606,2.0,,,,,['I08N'],2019-12-05,2019-12-27,Akiko
665,38.0,1.0,1.0,,  I08N,1201.0,2.0,20191213.0,48.0,-4.9993,79.9982,5140,5215.1,1.4359,1.4359,2.0,34.7163,2.0,34.7167,2.0,182.3,2.0,182.3,3.0,132.77,2.0,33.84,2.0,0.0,2.0,2.32,2.0,0.01,2.0,0.014,2.0,0.005,2.0,0.0,2.0,0.013,2.0,2298.1,2.0,2407.7,2.0,,9.0,,9.0,,9.0,,9.0,0.0,2.0,0.0,2.0,1.461,1.0,,9.0,,9.0,,9.0,-0.001,2.0,99.907,2.0,1.4359,2.0,,,,,['I08N'],2019-12-05,2019-12-27,Akiko
666,39.0,1.0,25.0,,  I08N,1225.0,2.0,20191214.0,528.0,-5.5014,80.0004,5170,5000.0,1.4146,1.4146,2.0,34.7166,2.0,34.7172,2.0,182.1,2.0,182.2,2.0,,9.0,,9.0,,9.0,,9.0,,9.0,,9.0,,9.0,,9.0,,9.0,,9.0,,9.0,,9.0,,9.0,,9.0,,9.0,0.0,2.0,0.0,2.0,1.455,1.0,,9.0,,9.0,,9.0,0.0,2.0,99.929,2.0,1.4146,2.0,,,,,['I08N'],2019-12-05,2019-12-27,Akiko
667,39.0,1.0,18.0,,  I08N,1218.0,2.0,20191214.0,528.0,-5.5014,80.0004,5170,4999.6,1.4144,1.4144,2.0,34.7166,2.0,34.7161,2.0,182.0,2.0,182.3,2.0,,9.0,,9.0,,9.0,,9.0,,9.0,,9.0,,9.0,,9.0,,9.0,,9.0,,9.0,,9.0,,9.0,,9.0,,9.0,0.0,2.0,0.0,2.0,1.46,1.0,,9.0,,9.0,,9.0,0.0,2.0,99.931,2.0,1.4144,2.0,,,,,['I08N'],2019-12-05,2019-12-27,Akiko
668,39.0,1.0,12.0,,  I08N,1212.0,2.0,20191214.0,528.0,-5.5014,80.0004,5170,4999.6,1.4142,1.4143,2.0,34.7167,2.0,34.7165,2.0,182.1,2.0,182.3,2.0,,9.0,,9.0,,9.0,,9.0,,9.0,,9.0,,9.0,,9.0,,9.0,,9.0,,9.0,,9.0,,9.0,,9.0,,9.0,0.0,2.0,0.0,2.0,1.453,1.0,,9.0,,9.0,,9.0,0.0,2.0,99.927,2.0,1.4143,2.0,,,,,['I08N'],2019-12-05,2019-12-27,Akiko
669,39.0,1.0,6.0,,  I08N,1206.0,2.0,20191214.0,528.0,-5.5014,80.0004,5170,4999.7,1.4141,1.4141,2.0,34.7166,2.0,34.7162,2.0,182.0,2.0,182.5,2.0,,9.0,,9.0,,9.0,,9.0,,9.0,,9.0,,9.0,,9.0,,9.0,,9.0,,9.0,,9.0,,9.0,,9.0,,9.0,0.0,2.0,0.0,2.0,1.458,1.0,,9.0,,9.0,,9.0,0.0,2.0,99.933,2.0,1.4141,2.0,,,,,['I08N'],2019-12-05,2019-12-27,Akiko
670,40.0,1.0,36.0,,  I08N,1236.0,2.0,20191214.0,1104.0,-5.9998,79.9996,5202,10.1,28.0568,28.0547,2.0,34.4746,2.0,34.4744,2.0,199.8,2.0,200.0,2.0,1.57,2.0,0.03,2.0,0.0,2.0,0.09,2.0,0.05,2.0,1.472,2.0,0.935,2.0,0.129,2.0,1.578,2.0,1957.8,2.0,2263.0,2.0,72.5,2.0,0.07,2.0,,9.0,,9.0,0.0,2.0,0.0,2.0,1.115,1.0,0.213,3.0,0.104,3.0,0.019,3.0,0.074,2.0,98.617,2.0,28.0547,2.0,,,,,['I08N'],2019-12-05,2019-12-27,Akiko
671,40.0,1.0,35.0,,  I08N,1235.0,2.0,20191214.0,1104.0,-5.9998,79.9996,5202,50.5,28.0148,28.013,2.0,34.5375,2.0,34.5362,2.0,199.6,2.0,199.9,2.0,1.58,2.0,0.02,2.0,0.0,2.0,0.09,2.0,0.03,2.0,1.464,2.0,0.942,2.0,0.124,2.0,1.533,2.0,1958.8,2.0,2267.6,2.0,71.6,2.0,0.14,2.0,,9.0,,9.0,0.0,2.0,0.0,2.0,1.128,1.0,0.192,3.0,0.088,3.0,0.014,3.0,0.146,2.0,98.648,2.0,28.013,2.0,,,,,['I08N'],2019-12-05,2019-12-27,Akiko
672,40.0,1.0,34.0,,  I08N,1234.0,2.0,20191214.0,1104.0,-5.9998,79.9996,5202,100.9,20.8145,20.8451,2.0,34.7628,2.0,34.7513,2.0,96.2,2.0,101.0,2.0,13.58,2.0,15.0,2.0,0.34,2.0,1.08,2.0,0.04,2.0,1.625,2.0,1.009,2.0,0.041,2.0,1.248,2.0,2104.1,2.0,2280.2,2.0,59.3,2.0,0.25,2.0,,9.0,,9.0,0.0,2.0,0.0,2.0,1.437,1.0,0.33,3.0,0.186,3.0,0.025,3.0,0.268,2.0,99.076,2.0,20.8451,2.0,,,,,['I08N'],2019-12-05,2019-12-27,Akiko
673,40.0,1.0,33.0,,  I08N,1233.0,2.0,20191214.0,1104.0,-5.9998,79.9996,5202,149.7,15.1218,15.1057,2.0,34.7191,2.0,34.7197,2.0,74.8,2.0,74.7,2.0,27.61,2.0,24.05,2.0,0.01,2.0,1.66,2.0,0.02,2.0,1.55,2.0,0.913,2.0,0.007,2.0,0.813,2.0,2178.7,2.0,2293.8,2.0,52.5,2.0,0.04,2.0,,9.0,,9.0,0.0,2.0,0.0,2.0,1.507,1.0,0.291,3.0,0.159,3.0,0.024,3.0,0.052,2.0,99.534,2.0,15.1057,2.0,,,,,['I08N'],2019-12-05,2019-12-27,Akiko
674,40.0,1.0,32.0,,  I08N,1232.0,2.0,20191214.0,1104.0,-5.9998,79.9996,5202,199.5,12.9681,12.9699,2.0,34.8657,2.0,34.865,2.0,61.2,2.0,61.4,2.0,29.12,2.0,27.64,2.0,0.01,2.0,1.91,2.0,0.02,2.0,1.478,2.0,0.839,2.0,0.004,2.0,0.528,2.0,2214.8,2.0,2302.1,2.0,49.3,2.0,0.01,2.0,,9.0,,9.0,0.0,2.0,0.0,2.0,1.534,1.0,0.301,3.0,0.166,3.0,0.03,3.0,-0.005,2.0,99.589,2.0,12.9699,2.0,,,,,['I08N'],2019-12-05,2019-12-27,Akiko
675,40.0,1.0,31.0,,  I08N,1231.0,2.0,20191214.0,1104.0,-5.9998,79.9996,5202,249.5,12.1755,12.1776,2.0,34.9711,2.0,34.9728,2.0,60.5,2.0,61.1,2.0,25.28,2.0,28.38,2.0,0.01,2.0,1.92,2.0,0.02,2.0,1.537,2.0,0.847,2.0,0.012,2.0,0.453,2.0,2223.2,2.0,2307.1,2.0,47.1,2.0,0.01,2.0,,9.0,,9.0,0.0,2.0,0.0,2.0,1.524,1.0,,9.0,,9.0,,9.0,0.001,2.0,99.586,2.0,12.1776,2.0,,,,,['I08N'],2019-12-05,2019-12-27,Akiko
676,40.0,1.0,30.0,,  I08N,1230.0,2.0,20191214.0,1104.0,-5.9998,79.9996,5202,278.2,11.5272,11.5267,2.0,34.9661,2.0,34.9649,2.0,69.1,2.0,69.2,2.0,24.67,2.0,28.64,2.0,0.01,2.0,1.91,2.0,0.02,2.0,1.543,2.0,0.841,2.0,0.019,2.0,0.379,2.0,2221.3,2.0,2308.2,2.0,38.5,3.0,,9.0,,9.0,,9.0,0.0,2.0,0.0,2.0,1.497,1.0,0.291,3.0,0.158,3.0,0.031,3.0,0.003,2.0,99.608,2.0,11.5267,2.0,,,,,['I08N'],2019-12-05,2019-12-27,Akiko
677,40.0,1.0,29.0,,  I08N,1229.0,2.0,20191214.0,1104.0,-5.9998,79.9996,5202,369.7,10.3848,10.3853,2.0,34.8997,2.0,34.899,2.0,86.6,2.0,86.7,2.0,26.64,2.0,29.14,2.0,0.0,2.0,1.94,2.0,0.01,2.0,1.507,2.0,0.81,2.0,0.019,2.0,0.467,2.0,2217.9,2.0,2308.7,2.0,43.1,2.0,,9.0,,9.0,,9.0,0.0,2.0,0.0,2.0,1.452,1.0,0.259,3.0,0.142,3.0,0.028,3.0,0.004,2.0,99.641,2.0,10.3853,2.0,,,,,['I08N'],2019-12-05,2019-12-27,Akiko
678,40.0,1.0,28.0,,  I08N,1228.0,2.0,20191214.0,1104.0,-5.9998,79.9996,5202,469.5,9.5082,9.5082,2.0,34.8687,2.0,34.867,2.0,86.3,2.0,85.8,2.0,34.27,2.0,30.78,2.0,0.0,2.0,2.11,2.0,0.02,2.0,1.133,2.0,0.607,2.0,0.019,2.0,0.26,2.0,2230.8,2.0,2310.2,2.0,40.8,2.0,,9.0,,9.0,,9.0,0.0,2.0,0.0,2.0,1.473,1.0,0.263,3.0,0.144,3.0,0.025,3.0,0.002,2.0,99.7,2.0,9.5082,2.0,,,,,['I08N'],2019-12-05,2019-12-27,Akiko
679,40.0,1.0,27.0,,  I08N,1227.0,2.0,20191214.0,1104.0,-5.9998,79.9996,5202,570.4,8.7821,8.7819,2.0,34.851,2.0,34.8504,2.0,77.2,2.0,76.4,2.0,44.18,2.0,32.75,2.0,0.01,2.0,2.3,2.0,0.01,2.0,0.719,2.0,0.385,2.0,0.012,2.0,0.172,2.0,2246.7,2.0,2321.5,2.0,40.3,2.0,,9.0,,9.0,,9.0,0.0,2.0,0.0,2.0,1.49,1.0,0.291,3.0,0.162,3.0,0.034,3.0,0.003,2.0,99.766,2.0,8.7819,2.0,,,,,['I08N'],2019-12-05,2019-12-27,Akiko
680,40.0,1.0,26.0,,  I08N,1226.0,2.0,20191214.0,1104.0,-5.9998,79.9996,5202,670.0,8.0806,8.0812,2.0,34.8354,2.0,34.8347,2.0,70.8,2.0,70.6,2.0,54.91,2.0,34.3,2.0,0.0,2.0,2.44,2.0,0.02,2.0,0.441,2.0,0.239,2.0,0.011,2.0,0.146,2.0,2261.2,6.0,2328.3,2.0,42.5,2.0,,9.0,,9.0,,9.0,0.0,2.0,0.0,2.0,1.51,1.0,,9.0,,9.0,,9.0,0.002,2.0,99.783,2.0,8.0812,2.0,,,,,['I08N'],2019-12-05,2019-12-27,Akiko
681,40.0,1.0,25.0,,  I08N,1225.0,2.0,20191214.0,1104.0,-5.9998,79.9996,5202,770.7,7.4227,7.4226,2.0,34.8324,2.0,34.8335,2.0,66.6,2.0,66.5,2.0,65.43,2.0,35.49,2.0,0.01,2.0,2.56,2.0,0.07,2.0,0.251,2.0,0.141,2.0,0.004,2.0,0.056,2.0,2277.2,2.0,2342.6,2.0,39.5,2.0,,9.0,,9.0,,9.0,0.0,2.0,0.0,2.0,1.54,1.0,0.296,3.0,0.159,3.0,0.032,3.0,0.002,2.0,99.808,2.0,7.4226,2.0,,,,,['I08N'],2019-12-05,2019-12-27,Akiko
682,40.0,1.0,24.0,,  I08N,1224.0,2.0,20191214.0,1104.0,-5.9998,79.9996,5202,867.6,6.7568,6.7567,2.0,34.806,2.0,34.8052,2.0,61.7,2.0,62.1,2.0,77.06,2.0,36.82,2.0,0.0,2.0,2.66,2.0,0.05,2.0,0.083,2.0,0.045,2.0,0.004,2.0,0.009,2.0,2295.3,2.0,2354.2,2.0,36.8,2.0,,9.0,,9.0,,9.0,0.0,2.0,0.0,2.0,1.567,1.0,,9.0,,9.0,,9.0,0.002,2.0,99.829,2.0,6.7567,2.0,,,,,['I08N'],2019-12-05,2019-12-27,Akiko
683,40.0,1.0,23.0,,  I08N,1223.0,2.0,20191214.0,1104.0,-5.9998,79.9996,5202,968.9,6.2877,6.2898,2.0,34.8187,2.0,34.8165,2.0,67.2,2.0,67.9,2.0,82.92,2.0,36.9,2.0,0.0,2.0,2.67,2.0,0.05,2.0,0.082,2.0,0.044,2.0,0.001,2.0,0.006,2.0,2297.0,2.0,2360.5,2.0,38.7,2.0,,9.0,,9.0,,9.0,0.0,2.0,0.0,2.0,1.581,1.0,0.329,3.0,0.193,3.0,0.043,3.0,0.001,2.0,99.846,2.0,6.2898,2.0,,,,,['I08N'],2019-12-05,2019-12-27,Akiko
684,40.0,1.0,22.0,,  I08N,1222.0,2.0,20191214.0,1104.0,-5.9998,79.9996,5202,1131.9,5.334,5.3336,2.0,34.7669,2.0,34.768,2.0,78.6,2.0,78.8,2.0,93.78,2.0,37.06,2.0,0.0,2.0,2.68,2.0,0.04,2.0,0.045,2.0,0.023,2.0,0.002,2.0,0.0,2.0,2303.9,2.0,2370.2,6.0,35.2,2.0,,9.0,,9.0,,9.0,0.0,2.0,0.0,2.0,1.574,1.0,,9.0,,9.0,,9.0,0.001,2.0,99.871,2.0,5.3336,2.0,,,,,['I08N'],2019-12-05,2019-12-27,Akiko
685,40.0,1.0,21.0,,  I08N,1221.0,2.0,20191214.0,1104.0,-5.9998,79.9996,5202,1329.6,4.5521,4.5518,2.0,34.7827,2.0,34.7828,2.0,90.4,2.0,90.4,2.0,100.87,2.0,36.94,2.0,0.0,2.0,2.67,2.0,0.04,2.0,0.02,2.0,0.009,2.0,0.001,2.0,0.022,2.0,2311.8,2.0,2378.4,2.0,35.1,2.0,,9.0,,9.0,,9.0,0.0,2.0,0.0,2.0,1.568,1.0,0.315,3.0,0.176,3.0,0.03,3.0,0.001,2.0,99.863,2.0,4.5518,2.0,,,,,['I08N'],2019-12-05,2019-12-27,Akiko
686,40.0,1.0,20.0,,  I08N,1220.0,2.0,20191214.0,1104.0,-5.9998,79.9996,5202,1529.0,3.8721,3.8717,2.0,34.7781,2.0,34.7786,2.0,105.6,2.0,105.4,2.0,106.5,2.0,36.51,2.0,0.01,2.0,2.63,2.0,0.02,2.0,0.021,2.0,0.008,2.0,0.002,2.0,0.015,2.0,2308.4,2.0,2383.3,2.0,34.3,2.0,,9.0,,9.0,,9.0,0.0,2.0,0.0,2.0,1.567,1.0,,9.0,,9.0,,9.0,0.0,2.0,99.871,2.0,3.8717,2.0,,,,,['I08N'],2019-12-05,2019-12-27,Akiko
687,40.0,1.0,19.0,,  I08N,1219.0,2.0,20191214.0,1104.0,-5.9998,79.9996,5202,1730.8,3.2829,3.2834,2.0,34.7698,2.0,34.7703,2.0,118.4,2.0,118.1,2.0,112.69,2.0,36.14,2.0,0.0,2.0,2.58,2.0,0.03,2.0,0.017,2.0,0.006,2.0,0.005,2.0,0.003,2.0,2309.7,2.0,2391.0,2.0,35.1,2.0,,9.0,,9.0,,9.0,0.0,2.0,0.0,2.0,1.549,1.0,0.258,3.0,0.129,3.0,0.012,3.0,0.0,2.0,99.882,2.0,3.2834,2.0,,,,,['I08N'],2019-12-05,2019-12-27,Akiko
688,40.0,1.0,18.0,,  I08N,1218.0,2.0,20191214.0,1104.0,-5.9998,79.9996,5202,1930.9,2.8316,2.8313,2.0,34.7609,2.0,34.7609,2.0,130.3,2.0,129.9,2.0,117.48,2.0,35.76,2.0,0.01,2.0,2.54,2.0,0.01,2.0,0.014,2.0,0.005,2.0,0.003,2.0,0.001,2.0,2309.8,2.0,2394.6,2.0,32.4,2.0,,9.0,,9.0,,9.0,0.0,2.0,0.0,2.0,1.537,1.0,,9.0,,9.0,,9.0,0.001,2.0,99.875,2.0,2.8313,2.0,,,,,['I08N'],2019-12-05,2019-12-27,Akiko
689,40.0,1.0,17.0,,  I08N,1217.0,2.0,20191214.0,1104.0,-5.9998,79.9996,5202,2129.7,2.482,2.4819,2.0,34.7525,2.0,34.7525,2.0,139.9,2.0,140.2,2.0,120.75,2.0,35.29,2.0,0.01,2.0,2.49,2.0,0.01,2.0,0.017,2.0,0.006,2.0,0.005,2.0,0.012,2.0,2307.6,2.0,2396.7,2.0,32.1,2.0,,9.0,,9.0,,9.0,0.0,2.0,0.0,2.0,1.532,1.0,0.24,3.0,0.116,3.0,0.009,3.0,-0.001,2.0,99.888,2.0,2.4819,2.0,,,,,['I08N'],2019-12-05,2019-12-27,Akiko
690,40.0,1.0,16.0,,  I08N,1216.0,2.0,20191214.0,1104.0,-5.9998,79.9996,5202,2330.2,2.192,2.1922,2.0,34.7439,2.0,34.7438,2.0,149.2,2.0,149.3,2.0,123.4,2.0,34.91,2.0,0.01,2.0,2.45,2.0,0.02,2.0,0.016,2.0,0.006,2.0,0.0,2.0,0.001,2.0,2305.6,6.0,2400.2,2.0,35.1,2.0,,9.0,,9.0,,9.0,0.0,2.0,0.0,2.0,1.513,1.0,,9.0,,9.0,,9.0,0.0,2.0,99.894,2.0,2.1922,2.0,,,,,['I08N'],2019-12-05,2019-12-27,Akiko
691,40.0,1.0,15.0,,  I08N,1215.0,2.0,20191214.0,1104.0,-5.9998,79.9996,5202,2529.4,1.9683,1.9679,2.0,34.7374,2.0,34.7361,2.0,156.4,2.0,156.6,2.0,125.15,2.0,34.53,2.0,0.01,2.0,2.42,2.0,0.02,2.0,0.018,2.0,0.005,2.0,0.003,2.0,0.008,2.0,2302.6,2.0,2400.4,2.0,31.9,2.0,,9.0,,9.0,,9.0,0.0,2.0,0.0,2.0,1.495,1.0,0.232,3.0,0.108,3.0,0.007,3.0,0.0,2.0,99.894,2.0,1.9679,2.0,,,,,['I08N'],2019-12-05,2019-12-27,Akiko
692,40.0,1.0,14.0,,  I08N,1214.0,2.0,20191214.0,1104.0,-5.9998,79.9996,5202,2730.7,1.8236,1.8238,2.0,34.7329,2.0,34.7327,2.0,161.4,2.0,161.5,2.0,126.39,2.0,34.3,2.0,0.01,2.0,2.39,2.0,0.07,2.0,0.015,2.0,0.004,2.0,0.002,2.0,0.007,2.0,2301.6,2.0,2399.1,2.0,33.0,2.0,,9.0,,9.0,,9.0,0.0,2.0,0.0,2.0,1.493,1.0,,9.0,,9.0,,9.0,0.0,2.0,99.894,2.0,1.8238,2.0,,,,,['I08N'],2019-12-05,2019-12-27,Akiko
693,40.0,1.0,13.0,,  I08N,1213.0,2.0,20191214.0,1104.0,-5.9998,79.9996,5202,2929.4,1.7193,1.7201,2.0,34.7302,2.0,34.7301,2.0,162.5,2.0,162.6,2.0,129.74,2.0,34.39,2.0,0.01,2.0,2.4,2.0,0.05,2.0,0.015,2.0,0.005,2.0,0.001,2.0,0.005,2.0,2304.1,2.0,2405.7,2.0,34.1,2.0,,9.0,,9.0,,9.0,0.0,2.0,0.0,2.0,1.493,1.0,0.247,3.0,0.12,3.0,0.012,3.0,0.0,2.0,99.89,2.0,1.7201,2.0,,,,,['I08N'],2019-12-05,2019-12-27,Akiko
694,40.0,1.0,12.0,,  I08N,1212.0,2.0,20191214.0,1104.0,-5.9998,79.9996,5202,3170.8,1.583,1.5828,2.0,34.7259,2.0,34.7256,2.0,165.9,2.0,166.0,2.0,132.95,2.0,34.39,2.0,0.0,2.0,2.39,2.0,0.03,2.0,0.013,2.0,0.004,2.0,0.004,2.0,0.022,2.0,2308.3,2.0,2409.6,6.0,33.9,2.0,,9.0,,9.0,,9.0,0.0,2.0,0.0,2.0,1.496,1.0,,9.0,,9.0,,9.0,0.0,2.0,99.896,2.0,1.5828,2.0,,,,,['I08N'],2019-12-05,2019-12-27,Akiko
695,40.0,1.0,11.0,,  I08N,1211.0,2.0,20191214.0,1104.0,-5.9998,79.9996,5202,3422.3,1.4945,1.4942,2.0,34.723,2.0,34.7229,2.0,167.4,2.0,167.4,2.0,135.96,2.0,34.48,2.0,0.01,2.0,2.39,2.0,0.03,2.0,0.015,2.0,0.005,2.0,0.002,2.0,0.003,2.0,2313.8,3.0,2415.5,2.0,32.0,2.0,,9.0,,9.0,,9.0,0.0,2.0,0.0,2.0,1.506,1.0,0.281,3.0,0.144,3.0,0.018,3.0,0.0,2.0,99.896,2.0,1.4942,2.0,,,,,['I08N'],2019-12-05,2019-12-27,Akiko
696,40.0,1.0,10.0,,  I08N,1210.0,2.0,20191214.0,1104.0,-5.9998,79.9996,5202,3668.8,1.44,1.4405,2.0,34.7209,2.0,34.7212,2.0,169.9,2.0,169.8,2.0,137.19,2.0,34.43,2.0,0.01,2.0,2.38,2.0,0.02,2.0,0.016,2.0,0.005,2.0,0.006,2.0,0.017,2.0,2308.4,2.0,2417.0,2.0,34.0,2.0,,9.0,,9.0,,9.0,0.0,2.0,0.0,2.0,1.5,1.0,,9.0,,9.0,,9.0,0.0,2.0,99.901,2.0,1.4405,2.0,,,,,['I08N'],2019-12-05,2019-12-27,Akiko
697,40.0,1.0,9.0,,  I08N,1209.0,2.0,20191214.0,1104.0,-5.9998,79.9996,5202,3919.9,1.4052,1.4053,2.0,34.7191,2.0,34.7182,2.0,173.3,2.0,173.2,2.0,136.48,2.0,34.26,2.0,0.01,2.0,2.37,2.0,0.01,2.0,0.013,2.0,0.005,2.0,0.003,2.0,0.009,2.0,2309.0,2.0,2415.3,2.0,43.2,2.0,,9.0,,9.0,,9.0,0.0,2.0,0.0,2.0,1.478,1.0,0.235,3.0,0.118,3.0,0.01,3.0,-0.001,2.0,99.905,2.0,1.4053,2.0,,,,,['I08N'],2019-12-05,2019-12-27,Akiko
698,40.0,1.0,8.0,,  I08N,12103.0,2.0,20191214.0,1104.0,-5.9998,79.9996,5202,4169.1,1.3906,1.3905,2.0,34.7181,2.0,34.7186,2.0,176.8,2.0,176.7,2.0,135.11,2.0,34.02,2.0,0.0,2.0,2.35,2.0,0.01,2.0,0.016,2.0,0.005,2.0,0.004,2.0,0.017,2.0,2303.6,6.0,2413.2,2.0,39.0,2.0,,9.0,,9.0,,9.0,0.0,2.0,0.0,2.0,1.463,1.0,,9.0,,9.0,,9.0,0.0,2.0,99.907,2.0,1.3905,2.0,,,,,['I08N'],2019-12-05,2019-12-27,Akiko
699,40.0,1.0,7.0,,  I08N,1207.0,2.0,20191214.0,1104.0,-5.9998,79.9996,5202,4419.6,1.3859,1.3862,2.0,34.7174,2.0,34.7178,2.0,179.2,2.0,179.1,2.0,134.54,2.0,33.87,2.0,0.0,2.0,2.34,2.0,0.0,2.0,0.016,2.0,0.005,2.0,0.004,2.0,0.015,2.0,2302.4,2.0,2409.4,2.0,41.9,2.0,,9.0,,9.0,,9.0,0.0,2.0,0.0,2.0,1.456,1.0,0.224,3.0,0.106,3.0,0.006,3.0,-0.001,2.0,99.913,2.0,1.3862,2.0,,,,,['I08N'],2019-12-05,2019-12-27,Akiko
700,40.0,1.0,6.0,,  I08N,1206.0,2.0,20191214.0,1104.0,-5.9998,79.9996,5202,4670.5,1.3922,1.3923,2.0,34.7169,2.0,34.7169,2.0,180.8,2.0,180.8,2.0,133.73,2.0,33.76,2.0,0.0,2.0,2.33,2.0,0.01,2.0,0.022,2.0,0.008,2.0,0.005,2.0,0.007,2.0,2298.6,2.0,2405.8,6.0,35.3,2.0,,9.0,,9.0,,9.0,0.0,2.0,0.0,2.0,1.468,1.0,,9.0,,9.0,,9.0,-0.001,2.0,99.92,2.0,1.3923,2.0,,,,,['I08N'],2019-12-05,2019-12-27,Akiko
701,40.0,1.0,5.0,,  I08N,1205.0,2.0,20191214.0,1104.0,-5.9998,79.9996,5202,4922.2,1.3982,1.3981,2.0,34.7165,2.0,34.7166,2.0,182.8,2.0,182.8,2.0,132.46,2.0,33.66,2.0,0.01,2.0,2.32,2.0,0.02,2.0,0.017,2.0,0.008,2.0,0.0,2.0,0.019,2.0,2295.5,2.0,2404.3,2.0,37.2,2.0,,9.0,,9.0,,9.0,0.0,2.0,0.0,2.0,1.454,1.0,0.222,3.0,0.102,3.0,0.002,3.0,0.0,2.0,99.922,2.0,1.3981,2.0,,,,,['I08N'],2019-12-05,2019-12-27,Akiko
702,40.0,1.0,4.0,,  I08N,1204.0,2.0,20191214.0,1104.0,-5.9998,79.9996,5202,5170.3,1.4158,1.4158,2.0,34.7162,2.0,34.7159,2.0,183.6,2.0,183.7,2.0,132.38,2.0,33.6,2.0,0.01,2.0,2.31,2.0,0.03,2.0,0.022,2.0,0.008,2.0,0.001,2.0,0.013,2.0,2298.4,3.0,2404.4,2.0,40.0,2.0,,9.0,,9.0,,9.0,0.0,2.0,0.0,2.0,1.45,1.0,0.234,3.0,0.106,3.0,0.009,3.0,-0.001,2.0,99.898,2.0,1.4158,2.0,,,,,['I08N'],2019-12-05,2019-12-27,Akiko
703,40.0,1.0,3.0,,  I08N,1203.0,9.0,20191214.0,1104.0,-5.9998,79.9996,5202,,,,9.0,,9.0,,9.0,,9.0,,9.0,,9.0,,9.0,,9.0,,9.0,,9.0,,9.0,,9.0,,9.0,,9.0,,9.0,,9.0,,9.0,,9.0,,9.0,,9.0,,9.0,,9.0,,9.0,,9.0,,9.0,,9.0,,9.0,,9.0,,9.0,,,,,['I08N'],2019-12-05,2019-12-27,Akiko
704,40.0,1.0,2.0,,  I08N,12046.0,2.0,20191214.0,1104.0,-5.9998,79.9996,5202,82.1,24.0253,24.0216,2.0,34.5142,2.0,34.5382,2.0,147.9,2.0,154.6,2.0,6.36,2.0,4.95,2.0,0.26,2.0,0.49,2.0,0.12,2.0,,9.0,,9.0,,9.0,,9.0,2023.6,2.0,2269.0,2.0,34.4,3.0,0.44,2.0,,9.0,,9.0,0.0,2.0,0.0,2.0,1.378,1.0,0.281,3.0,0.144,3.0,0.009,3.0,0.514,2.0,98.126,2.0,24.0216,2.0,,,,,['I08N'],2019-12-05,2019-12-27,Akiko
705,40.0,1.0,1.0,,  I08N,1201.0,2.0,20191214.0,1104.0,-5.9998,79.9996,5202,5275.8,1.4217,1.4219,2.0,34.7161,2.0,34.7162,2.0,184.5,2.0,185.0,2.0,131.74,2.0,33.55,2.0,0.0,2.0,2.31,2.0,0.03,2.0,0.018,2.0,0.009,2.0,0.001,2.0,0.11,2.0,2294.0,2.0,2403.8,2.0,24.2,4.0,,9.0,,9.0,,9.0,0.0,2.0,0.0,2.0,1.443,1.0,0.224,3.0,0.105,3.0,0.008,3.0,-0.001,2.0,99.892,2.0,1.4219,2.0,,,,,['I08N'],2019-12-05,2019-12-27,Akiko
706,42.0,1.0,36.0,,  I08N,1236.0,2.0,20191214.0,2311.0,-7.0004,79.999,4917,10.5,28.0401,28.0391,2.0,34.5495,2.0,34.5489,2.0,199.2,2.0,199.3,2.0,1.53,2.0,0.01,2.0,0.01,2.0,0.09,2.0,0.06,2.0,1.404,2.0,0.886,2.0,0.124,2.0,1.562,2.0,1961.0,2.0,2268.5,2.0,,9.0,0.1,2.0,33.6,2.0,298.4,2.0,70.862,2.0,70.862,2.0,1.127,1.0,,9.0,,9.0,,9.0,0.072,2.0,98.794,2.0,28.0391,2.0,,,,,['I08N'],2019-12-05,2019-12-27,Akiko
707,42.0,1.0,35.0,,  I08N,1235.0,2.0,20191214.0,2311.0,-7.0004,79.999,4917,49.8,28.0332,28.0316,2.0,34.5963,2.0,34.5963,2.0,199.0,2.0,199.4,2.0,1.53,2.0,0.0,2.0,0.01,2.0,0.09,2.0,0.05,2.0,1.424,2.0,0.893,2.0,0.128,2.0,1.593,2.0,1960.8,2.0,2272.6,2.0,,9.0,0.19,2.0,35.1,2.0,296.5,2.0,10.634,2.0,10.634,2.0,1.132,1.0,,9.0,,9.0,,9.0,0.174,2.0,98.67,2.0,28.0316,2.0,,,,,['I08N'],2019-12-05,2019-12-27,Akiko
708,42.0,1.0,34.0,,  I08N,1234.0,2.0,20191214.0,2311.0,-7.0004,79.999,4917,100.2,22.2022,22.2423,2.0,34.6187,2.0,34.6065,2.0,117.8,2.0,119.9,2.0,11.64,2.0,11.84,2.0,0.18,2.0,0.87,2.0,0.04,2.0,1.542,2.0,0.936,2.0,0.045,2.0,1.298,2.0,2076.8,2.0,2272.9,2.0,,9.0,0.25,2.0,39.2,2.0,382.6,2.0,0.52,2.0,0.52,2.0,1.398,1.0,,9.0,,9.0,,9.0,0.231,2.0,99.041,2.0,22.2423,2.0,,,,,['I08N'],2019-12-05,2019-12-27,Akiko
709,42.0,1.0,33.0,,  I08N,1233.0,2.0,20191214.0,2311.0,-7.0004,79.999,4917,151.2,16.1166,16.1024,2.0,34.7374,2.0,34.7353,2.0,71.9,2.0,72.5,2.0,25.24,2.0,23.47,2.0,0.02,2.0,1.62,2.0,0.03,2.0,1.523,2.0,0.884,2.0,0.01,2.0,0.787,2.0,2179.3,2.0,2293.9,2.0,,9.0,0.05,2.0,30.3,2.0,440.4,2.0,0.0,2.0,0.0,2.0,1.502,1.0,,9.0,,9.0,,9.0,0.053,2.0,99.568,2.0,16.1024,2.0,,,,,['I08N'],2019-12-05,2019-12-27,Akiko
710,42.0,1.0,32.0,,  I08N,1232.0,2.0,20191214.0,2311.0,-7.0004,79.999,4917,200.5,13.0056,13.0442,2.0,34.7944,2.0,34.7938,2.0,63.5,2.0,63.8,2.0,31.25,2.0,27.52,2.0,0.01,2.0,1.9,2.0,0.03,2.0,1.389,2.0,0.783,2.0,0.005,2.0,0.537,2.0,2206.9,2.0,2305.7,2.0,,9.0,0.01,2.0,35.4,2.0,453.6,2.0,0.0,2.0,0.0,2.0,1.536,1.0,,9.0,,9.0,,9.0,-0.005,2.0,99.625,2.0,13.0442,2.0,,,,,['I08N'],2019-12-05,2019-12-27,Akiko
711,42.0,1.0,31.0,,  I08N,1231.0,2.0,20191214.0,2311.0,-7.0004,79.999,4917,250.4,12.0002,11.9998,2.0,34.9269,2.0,34.9279,2.0,55.9,2.0,56.3,2.0,27.97,2.0,29.23,2.0,0.01,2.0,1.98,2.0,0.02,2.0,1.312,2.0,0.727,2.0,0.01,2.0,0.376,2.0,2230.3,2.0,2308.8,2.0,,9.0,0.01,2.0,23.1,2.0,442.9,2.0,0.0,2.0,0.0,2.0,1.525,1.0,,9.0,,9.0,,9.0,0.0,2.0,99.601,2.0,11.9998,2.0,,,,,['I08N'],2019-12-05,2019-12-27,Akiko
712,42.0,1.0,30.0,,  I08N,1230.0,2.0,20191214.0,2311.0,-7.0004,79.999,4917,300.8,11.3628,11.3633,2.0,34.9247,2.0,34.9236,2.0,58.9,2.0,60.0,2.0,27.86,2.0,29.85,2.0,0.01,2.0,2.0,2.0,0.02,2.0,1.252,2.0,0.681,2.0,0.011,2.0,0.347,2.0,2225.6,2.0,2308.6,2.0,,9.0,,9.0,26.9,2.0,436.5,2.0,0.0,2.0,0.0,2.0,1.512,1.0,,9.0,,9.0,,9.0,0.003,2.0,99.62,2.0,11.3633,2.0,,,,,['I08N'],2019-12-05,2019-12-27,Akiko
713,42.0,1.0,29.0,,  I08N,1229.0,2.0,20191214.0,2311.0,-7.0004,79.999,4917,399.8,10.2963,10.2967,2.0,34.8832,2.0,34.8811,2.0,82.0,2.0,82.2,2.0,27.87,2.0,29.75,2.0,0.01,2.0,1.98,2.0,0.03,2.0,1.285,2.0,0.687,2.0,0.016,2.0,0.328,2.0,2222.5,2.0,2308.8,2.0,,9.0,,9.0,25.9,2.0,436.3,2.0,0.0,2.0,0.0,2.0,1.443,1.0,,9.0,,9.0,,9.0,0.004,2.0,99.677,2.0,10.2967,2.0,,,,,['I08N'],2019-12-05,2019-12-27,Akiko
714,42.0,1.0,28.0,,  I08N,1228.0,2.0,20191214.0,2311.0,-7.0004,79.999,4917,500.0,9.1678,9.1679,2.0,34.832,2.0,34.8328,2.0,84.0,2.0,83.5,2.0,37.59,2.0,31.53,2.0,0.01,2.0,2.17,2.0,0.04,2.0,0.867,2.0,0.474,2.0,0.011,2.0,0.197,2.0,2236.1,2.0,2316.0,2.0,,9.0,,9.0,55.6,2.0,459.4,2.0,0.0,2.0,0.0,2.0,1.458,1.0,,9.0,,9.0,,9.0,0.003,2.0,99.745,2.0,9.1679,2.0,,,,,['I08N'],2019-12-05,2019-12-27,Akiko
715,42.0,1.0,27.0,,  I08N,1227.0,2.0,20191214.0,2311.0,-7.0004,79.999,4917,599.3,8.4474,8.4472,2.0,34.8276,2.0,34.8278,2.0,69.3,2.0,69.0,2.0,49.22,2.0,34.04,2.0,0.01,2.0,2.4,2.0,0.04,2.0,0.417,2.0,0.234,2.0,0.008,2.0,0.031,2.0,2255.7,2.0,2326.8,2.0,,9.0,,9.0,28.6,2.0,460.9,2.0,0.0,2.0,0.0,2.0,1.499,1.0,,9.0,,9.0,,9.0,0.001,2.0,99.776,2.0,8.4472,2.0,,,,,['I08N'],2019-12-05,2019-12-27,Akiko
716,42.0,1.0,26.0,,  I08N,1226.0,2.0,20191214.0,2311.0,-7.0004,79.999,4917,699.9,7.6978,7.7086,2.0,34.8147,2.0,34.8147,2.0,67.1,2.0,67.1,2.0,60.82,2.0,35.13,2.0,0.0,2.0,2.5,2.0,0.02,2.0,0.262,2.0,0.149,2.0,0.002,2.0,0.06,2.0,2271.4,6.0,2337.9,2.0,,9.0,,9.0,33.9,2.0,469.7,2.0,0.0,2.0,0.0,2.0,1.522,1.0,,9.0,,9.0,,9.0,0.002,2.0,99.804,2.0,7.7086,2.0,,,,,['I08N'],2019-12-05,2019-12-27,Akiko
717,42.0,1.0,25.0,,  I08N,1225.0,2.0,20191214.0,2311.0,-7.0004,79.999,4917,800.5,7.0558,7.0661,2.0,34.8095,2.0,34.8109,2.0,64.7,2.0,65.2,2.0,70.55,2.0,36.11,2.0,0.0,2.0,2.6,2.0,0.01,2.0,0.141,2.0,0.081,2.0,0.002,2.0,0.01,2.0,2289.0,2.0,2347.8,2.0,,9.0,,9.0,26.8,2.0,454.3,2.0,0.0,2.0,0.0,2.0,1.56,1.0,,9.0,,9.0,,9.0,0.001,2.0,99.823,2.0,7.0661,2.0,,,,,['I08N'],2019-12-05,2019-12-27,Akiko
718,42.0,1.0,24.0,,  I08N,1224.0,2.0,20191214.0,2311.0,-7.0004,79.999,4917,900.3,6.3572,6.3582,2.0,34.7792,2.0,34.7777,2.0,68.5,2.0,69.1,2.0,81.03,2.0,36.66,2.0,0.01,2.0,2.64,2.0,0.01,2.0,0.084,2.0,0.048,2.0,0.004,2.0,0.022,2.0,2286.1,3.0,2357.1,2.0,,9.0,,9.0,19.0,2.0,452.4,2.0,0.0,2.0,0.0,2.0,1.556,1.0,,9.0,,9.0,,9.0,0.001,2.0,99.833,2.0,6.3582,2.0,,,,,['I08N'],2019-12-05,2019-12-27,Akiko
719,42.0,1.0,23.0,,  I08N,1223.0,2.0,20191214.0,2311.0,-7.0004,79.999,4917,999.9,5.7372,5.7441,2.0,34.7547,2.0,34.7544,2.0,74.2,2.0,74.8,2.0,88.9,2.0,36.92,2.0,0.01,2.0,2.67,2.0,0.01,2.0,0.058,2.0,0.031,2.0,0.002,2.0,0.004,2.0,2286.1,3.0,2366.7,2.0,,9.0,,9.0,21.6,2.0,458.9,2.0,0.0,2.0,0.0,2.0,1.579,1.0,,9.0,,9.0,,9.0,0.0,2.0,99.854,2.0,5.7441,2.0,,,,,['I08N'],2019-12-05,2019-12-27,Akiko
720,42.0,1.0,22.0,,  I08N,1222.0,2.0,20191214.0,2311.0,-7.0004,79.999,4917,1199.6,5.0339,5.0334,2.0,34.7715,2.0,34.772,2.0,82.1,2.0,82.5,2.0,96.46,2.0,37.04,2.0,0.0,2.0,2.68,2.0,0.0,2.0,0.032,2.0,0.014,2.0,0.0,2.0,0.0,2.0,2318.3,2.0,2373.4,6.0,,9.0,,9.0,22.8,2.0,474.3,2.0,0.0,2.0,0.0,2.0,1.571,1.0,,9.0,,9.0,,9.0,0.001,2.0,99.863,2.0,5.0334,2.0,,,,,['I08N'],2019-12-05,2019-12-27,Akiko
721,42.0,1.0,21.0,,  I08N,1221.0,2.0,20191214.0,2311.0,-7.0004,79.999,4917,1400.6,4.2418,4.2414,2.0,34.7592,2.0,34.7612,2.0,95.5,2.0,95.8,2.0,104.18,2.0,36.98,2.0,0.0,2.0,2.66,2.0,0.0,2.0,0.016,2.0,0.007,2.0,0.001,2.0,0.006,2.0,2316.5,2.0,2381.3,2.0,,9.0,,9.0,26.6,2.0,470.5,2.0,0.0,2.0,0.0,2.0,1.566,1.0,,9.0,,9.0,,9.0,0.0,2.0,99.882,2.0,4.2414,2.0,,,,,['I08N'],2019-12-05,2019-12-27,Akiko
722,42.0,1.0,20.0,,  I08N,1220.0,2.0,20191214.0,2311.0,-7.0004,79.999,4917,1597.9,3.5255,3.5269,2.0,34.7623,2.0,34.7623,2.0,111.9,2.0,112.4,2.0,110.04,2.0,36.43,2.0,0.0,2.0,2.6,2.0,0.03,2.0,0.015,2.0,0.005,2.0,0.002,2.0,0.003,2.0,2311.6,2.0,2387.0,2.0,,9.0,,9.0,21.8,2.0,487.3,2.0,0.0,2.0,0.0,2.0,1.559,1.0,,9.0,,9.0,,9.0,0.001,2.0,99.884,2.0,3.5269,2.0,,,,,['I08N'],2019-12-05,2019-12-27,Akiko
723,42.0,1.0,19.0,,  I08N,1219.0,2.0,20191214.0,2311.0,-7.0004,79.999,4917,1799.6,2.9551,2.9544,2.0,34.7604,2.0,34.7609,2.0,126.7,2.0,126.9,2.0,115.05,2.0,35.75,2.0,0.01,2.0,2.54,2.0,0.04,2.0,0.009,2.0,0.003,2.0,0.001,2.0,0.001,2.0,2318.8,3.0,2390.9,2.0,,9.0,,9.0,,9.0,,9.0,0.0,2.0,0.0,2.0,1.537,1.0,,9.0,,9.0,,9.0,0.001,2.0,99.884,2.0,2.9544,2.0,,,,,['I08N'],2019-12-05,2019-12-27,Akiko
724,42.0,1.0,18.0,,  I08N,1218.0,2.0,20191214.0,2311.0,-7.0004,79.999,4917,1999.8,2.5592,2.5587,2.0,34.7522,2.0,34.7519,2.0,137.4,2.0,137.5,2.0,119.09,2.0,35.34,2.0,0.0,2.0,2.5,2.0,0.05,2.0,0.013,2.0,0.003,2.0,0.002,2.0,0.008,2.0,2306.2,2.0,2396.9,2.0,,9.0,,9.0,,9.0,,9.0,0.0,2.0,0.0,2.0,1.535,1.0,,9.0,,9.0,,9.0,0.0,2.0,99.886,2.0,2.5587,2.0,,,,,['I08N'],2019-12-05,2019-12-27,Akiko
725,42.0,1.0,17.0,,  I08N,1217.0,2.0,20191214.0,2311.0,-7.0004,79.999,4917,2200.3,2.2829,2.2828,2.0,34.7449,2.0,34.7443,2.0,145.4,2.0,145.6,2.0,122.01,2.0,35.19,2.0,0.0,2.0,2.46,2.0,0.06,2.0,0.011,2.0,0.003,2.0,0.002,2.0,0.0,2.0,2306.5,2.0,2396.8,2.0,,9.0,,9.0,,9.0,,9.0,0.0,2.0,0.0,2.0,1.513,1.0,,9.0,,9.0,,9.0,0.0,2.0,99.888,2.0,2.2828,2.0,,,,,['I08N'],2019-12-05,2019-12-27,Akiko
726,42.0,1.0,16.0,,  I08N,1216.0,2.0,20191214.0,2311.0,-7.0004,79.999,4917,2399.8,2.055,2.0555,2.0,34.7389,2.0,34.738,2.0,154.8,2.0,155.1,2.0,122.99,2.0,34.65,2.0,0.0,2.0,2.42,2.0,0.05,2.0,0.011,2.0,0.004,2.0,0.0,2.0,0.013,2.0,2303.6,6.0,2396.6,2.0,,9.0,,9.0,,9.0,,9.0,0.0,2.0,0.0,2.0,1.497,1.0,,9.0,,9.0,,9.0,-0.001,2.0,99.903,2.0,2.0555,2.0,,,,,['I08N'],2019-12-05,2019-12-27,Akiko
727,42.0,1.0,15.0,,  I08N,1215.0,2.0,20191214.0,2311.0,-7.0004,79.999,4917,2599.8,1.8694,1.8696,2.0,34.7336,2.0,34.7319,2.0,161.3,2.0,161.6,2.0,123.76,2.0,34.12,2.0,0.01,2.0,2.38,2.0,0.02,2.0,0.012,2.0,0.003,2.0,0.002,2.0,0.002,2.0,2299.2,2.0,2400.4,2.0,,9.0,,9.0,,9.0,,9.0,0.0,2.0,0.0,2.0,1.481,1.0,,9.0,,9.0,,9.0,-0.001,2.0,99.905,2.0,1.8696,2.0,,,,,['I08N'],2019-12-05,2019-12-27,Akiko
728,42.0,1.0,14.0,,  I08N,1214.0,2.0,20191214.0,2311.0,-7.0004,79.999,4917,2800.3,1.7592,1.7593,2.0,34.7308,2.0,34.7292,2.0,163.9,2.0,164.3,2.0,126.54,2.0,34.12,2.0,0.01,2.0,2.38,2.0,0.04,2.0,0.011,2.0,0.002,2.0,0.004,2.0,0.031,2.0,2302.9,2.0,2402.6,2.0,,9.0,,9.0,,9.0,,9.0,0.0,2.0,0.0,2.0,1.482,1.0,,9.0,,9.0,,9.0,-0.001,2.0,99.901,2.0,1.7593,2.0,,,,,['I08N'],2019-12-05,2019-12-27,Akiko
729,42.0,1.0,13.0,,  I08N,1213.0,2.0,20191214.0,2311.0,-7.0004,79.999,4917,3000.5,1.6551,1.6551,2.0,34.7277,2.0,34.7267,2.0,165.9,2.0,165.9,2.0,129.26,2.0,34.31,2.0,0.0,2.0,2.38,2.0,0.04,2.0,0.012,2.0,0.003,2.0,0.001,2.0,0.009,2.0,2305.3,2.0,2404.1,2.0,,9.0,,9.0,,9.0,,9.0,0.0,2.0,0.0,2.0,1.487,1.0,,9.0,,9.0,,9.0,-0.001,2.0,99.905,2.0,1.6551,2.0,,,,,['I08N'],2019-12-05,2019-12-27,Akiko
730,42.0,1.0,12.0,,  I08N,1212.0,2.0,20191214.0,2311.0,-7.0004,79.999,4917,3250.7,1.5437,1.5437,2.0,34.7247,2.0,34.7232,2.0,166.9,2.0,167.0,2.0,133.29,2.0,34.42,2.0,0.0,2.0,2.38,2.0,0.05,2.0,0.013,2.0,0.004,2.0,0.001,2.0,0.006,2.0,2307.7,2.0,2410.8,6.0,,9.0,,9.0,,9.0,,9.0,0.0,2.0,0.0,2.0,1.5,1.0,,9.0,,9.0,,9.0,0.0,2.0,99.909,2.0,1.5437,2.0,,,,,['I08N'],2019-12-05,2019-12-27,Akiko
731,42.0,1.0,11.0,,  I08N,1211.0,2.0,20191214.0,2311.0,-7.0004,79.999,4917,3500.3,1.4538,1.4536,2.0,34.7215,2.0,34.7211,2.0,169.8,2.0,169.9,2.0,134.96,2.0,34.36,2.0,0.01,2.0,2.37,2.0,0.06,2.0,0.012,2.0,0.003,2.0,0.0,2.0,0.01,2.0,2308.0,2.0,2413.6,2.0,,9.0,,9.0,,9.0,,9.0,0.0,2.0,0.0,2.0,1.483,1.0,,9.0,,9.0,,9.0,0.0,2.0,99.909,2.0,1.4536,2.0,,,,,['I08N'],2019-12-05,2019-12-27,Akiko
732,42.0,1.0,10.0,,  I08N,1210.0,2.0,20191214.0,2311.0,-7.0004,79.999,4917,3751.4,1.4093,1.4092,2.0,34.7197,2.0,34.7197,2.0,172.8,2.0,173.0,2.0,135.32,2.0,34.25,2.0,0.0,2.0,2.36,2.0,0.06,2.0,0.013,2.0,0.004,2.0,0.002,2.0,0.0,2.0,2307.0,2.0,2413.9,2.0,,9.0,,9.0,,9.0,,9.0,0.0,2.0,0.0,2.0,1.471,1.0,,9.0,,9.0,,9.0,0.0,2.0,99.916,2.0,1.4092,2.0,,,,,['I08N'],2019-12-05,2019-12-27,Akiko
733,42.0,1.0,9.0,,  I08N,1209.0,2.0,20191214.0,2311.0,-7.0004,79.999,4917,3999.8,1.3905,1.3905,2.0,34.7185,2.0,34.7184,2.0,175.4,2.0,175.6,2.0,134.71,2.0,34.15,2.0,0.01,2.0,2.35,2.0,0.06,2.0,0.011,2.0,0.002,2.0,0.001,2.0,0.004,2.0,2308.0,2.0,2410.0,2.0,,9.0,,9.0,,9.0,,9.0,0.0,2.0,0.0,2.0,1.469,1.0,,9.0,,9.0,,9.0,0.0,2.0,99.909,2.0,1.3905,2.0,,,,,['I08N'],2019-12-05,2019-12-27,Akiko
734,42.0,1.0,8.0,,  I08N,12103.0,2.0,20191214.0,2311.0,-7.0004,79.999,4917,4249.5,1.3762,1.3761,2.0,34.7175,2.0,34.7182,2.0,178.4,2.0,178.5,2.0,134.14,2.0,34.07,2.0,0.0,2.0,2.34,2.0,0.04,2.0,0.014,2.0,0.004,2.0,0.001,2.0,0.0,2.0,2302.4,6.0,2409.4,2.0,,9.0,,9.0,,9.0,,9.0,0.0,2.0,0.0,2.0,1.458,1.0,,9.0,,9.0,,9.0,-0.001,2.0,99.916,2.0,1.3761,2.0,,,,,['I08N'],2019-12-05,2019-12-27,Akiko
735,42.0,1.0,7.0,,  I08N,1207.0,2.0,20191214.0,2311.0,-7.0004,79.999,4917,4500.6,1.3767,1.3766,2.0,34.7169,2.0,34.7166,2.0,180.2,2.0,180.5,2.0,133.8,2.0,33.95,2.0,0.01,2.0,2.32,2.0,0.05,2.0,0.012,2.0,0.003,2.0,0.0,2.0,0.001,2.0,2299.1,2.0,2407.7,2.0,,9.0,,9.0,,9.0,,9.0,0.0,2.0,0.0,2.0,1.446,1.0,,9.0,,9.0,,9.0,0.0,2.0,99.922,2.0,1.3766,2.0,,,,,['I08N'],2019-12-05,2019-12-27,Akiko
736,42.0,1.0,6.0,,  I08N,1206.0,2.0,20191214.0,2311.0,-7.0004,79.999,4917,4751.0,1.3811,1.3811,2.0,34.7164,2.0,34.7164,2.0,182.2,2.0,182.6,2.0,132.32,2.0,33.81,2.0,0.0,2.0,2.32,2.0,0.04,2.0,0.015,2.0,0.005,2.0,0.004,2.0,0.002,2.0,2295.1,3.0,2405.4,6.0,,9.0,,9.0,,9.0,,9.0,0.0,2.0,0.0,2.0,1.446,1.0,,9.0,,9.0,,9.0,-0.001,2.0,99.935,2.0,1.3811,2.0,,,,,['I08N'],2019-12-05,2019-12-27,Akiko
737,42.0,1.0,2.0,,  I08N,12046.0,2.0,20191214.0,2311.0,-7.0004,79.999,4917,83.2,27.4938,27.4983,2.0,34.6504,2.0,34.6533,2.0,194.1,2.0,195.5,2.0,1.71,2.0,0.01,2.0,0.01,2.0,0.14,2.0,0.14,2.0,,9.0,,9.0,,9.0,,9.0,1970.5,2.0,2274.9,2.0,,9.0,0.34,2.0,52.6,2.0,297.8,2.0,1.952,2.0,1.952,2.0,1.242,1.0,,9.0,,9.0,,9.0,0.313,2.0,98.667,2.0,27.4983,2.0,,,,,['I08N'],2019-12-05,2019-12-27,Akiko
738,42.0,1.0,1.0,,  I08N,1201.0,2.0,20191214.0,2311.0,-7.0004,79.999,4917,4982.3,1.3954,1.3954,2.0,34.7161,2.0,34.7157,2.0,183.1,2.0,183.5,2.0,131.72,2.0,33.71,2.0,0.01,2.0,2.31,2.0,0.04,2.0,0.013,2.0,0.006,2.0,0.001,2.0,0.001,2.0,2296.2,2.0,2404.6,2.0,,9.0,,9.0,,9.0,,9.0,0.0,2.0,0.0,2.0,1.443,1.0,,9.0,,9.0,,9.0,-0.001,2.0,99.903,2.0,1.3954,2.0,,,,,['I08N'],2019-12-05,2019-12-27,Akiko
739,44.0,1.0,36.0,,  I08N,1236.0,2.0,20191215.0,1124.0,-8.0022,80.0027,5416,10.2,28.1369,28.138,2.0,34.5164,2.0,34.5205,2.0,200.0,2.0,199.9,2.0,1.42,2.0,0.03,2.0,0.0,2.0,0.1,2.0,0.04,2.0,1.454,2.0,0.938,2.0,0.12,2.0,1.559,2.0,1963.8,2.0,2267.6,2.0,67.5,2.0,0.07,2.0,,9.0,,9.0,0.0,2.0,0.0,2.0,1.12,1.0,0.213,2.0,0.107,2.0,0.015,2.0,0.06,2.0,98.65,2.0,28.138,2.0,10.2,,9.0,,['I08N'],2019-12-05,2019-12-27,Akiko
740,44.0,1.0,35.0,,  I08N,1235.0,2.0,20191215.0,1124.0,-8.0022,80.0027,5416,50.0,27.8998,27.8983,2.0,34.553,2.0,34.5527,2.0,200.2,2.0,200.3,2.0,1.41,2.0,0.06,2.0,0.0,2.0,0.1,2.0,0.03,2.0,1.46,2.0,0.94,2.0,0.128,2.0,1.605,2.0,1962.5,2.0,2268.7,2.0,69.5,2.0,0.13,2.0,,9.0,,9.0,0.0,2.0,0.0,2.0,1.127,1.0,0.211,2.0,0.092,2.0,0.012,2.0,0.124,2.0,98.623,2.0,27.8983,2.0,49.7,5.264711698413883,2.0,5.149835132864372,['I08N'],2019-12-05,2019-12-27,Akiko
741,44.0,1.0,34.0,,  I08N,1234.0,2.0,20191215.0,1124.0,-8.0022,80.0027,5416,100.0,26.2643,26.2524,2.0,34.4694,2.0,34.473,2.0,189.3,2.0,190.7,2.0,2.87,2.0,0.63,2.0,0.02,2.0,0.17,2.0,0.1,2.0,1.426,2.0,0.978,2.0,0.105,2.0,1.479,2.0,1978.8,2.0,2268.0,2.0,69.3,2.0,0.41,2.0,,9.0,,9.0,0.0,2.0,0.0,2.0,1.234,1.0,0.285,2.0,0.156,2.0,0.022,2.0,0.405,2.0,98.638,2.0,26.2524,2.0,99.4,,9.0,,['I08N'],2019-12-05,2019-12-27,Akiko
742,44.0,1.0,33.0,,  I08N,1233.0,2.0,20191215.0,1124.0,-8.0022,80.0027,5416,151.0,17.4835,17.4795,2.0,34.6658,2.0,34.6644,2.0,92.6,2.0,92.4,2.0,21.83,2.0,19.71,2.0,0.02,2.0,1.36,2.0,0.03,2.0,1.58,2.0,0.975,2.0,0.012,2.0,1.028,2.0,2145.0,2.0,2286.9,2.0,52.9,2.0,0.08,2.0,,9.0,,9.0,0.0,2.0,0.0,2.0,1.458,1.0,0.298,2.0,0.176,2.0,0.025,2.0,0.107,2.0,99.509,2.0,17.4795,2.0,150.1,17.982602624109994,2.0,17.53012226555047,['I08N'],2019-12-05,2019-12-27,Akiko
743,44.0,1.0,32.0,,  I08N,1232.0,2.0,20191215.0,1124.0,-8.0022,80.0027,5416,199.6,13.0231,13.0358,2.0,34.7516,2.0,34.7515,2.0,68.5,2.0,68.3,2.0,32.05,2.0,27.0,2.0,0.01,2.0,1.86,2.0,0.03,2.0,1.418,2.0,0.822,2.0,0.007,2.0,0.621,2.0,2205.9,2.0,2301.4,2.0,51.5,2.0,0.01,2.0,,9.0,,9.0,0.0,2.0,0.0,2.0,1.522,1.0,0.315,2.0,0.183,2.0,0.033,2.0,-0.005,2.0,99.639,2.0,13.0358,2.0,198.4,33.30229675182942,2.0,32.42387867471721,['I08N'],2019-12-05,2019-12-27,Akiko
744,44.0,1.0,31.0,,  I08N,1231.0,2.0,20191215.0,1124.0,-8.0022,80.0027,5416,249.9,12.1647,12.1677,2.0,34.8626,2.0,34.8682,2.0,58.9,2.0,58.7,2.0,30.03,2.0,28.84,2.0,0.0,2.0,1.96,2.0,0.04,2.0,1.389,2.0,0.78,2.0,0.01,2.0,0.393,2.0,2223.5,2.0,2305.8,2.0,48.7,2.0,0.01,2.0,,9.0,,9.0,0.0,2.0,0.0,2.0,1.523,1.0,,9.0,,9.0,,9.0,-0.001,2.0,99.623,2.0,12.1677,2.0,248.3,29.27336988422055,2.0,28.4878506716765,['I08N'],2019-12-05,2019-12-27,Akiko
745,44.0,1.0,30.0,,  I08N,1230.0,2.0,20191215.0,1124.0,-8.0022,80.0027,5416,331.2,10.8584,10.862,2.0,34.8984,2.0,34.8976,2.0,81.0,2.0,80.8,2.0,26.23,2.0,28.61,2.0,0.01,2.0,1.9,2.0,0.03,2.0,1.526,2.0,0.831,2.0,0.023,2.0,0.448,2.0,2218.0,2.0,2307.1,2.0,49.3,2.0,,9.0,,9.0,,9.0,0.0,2.0,0.0,2.0,1.465,1.0,0.292,2.0,0.168,2.0,0.031,2.0,0.003,2.0,99.671,2.0,10.862,2.0,329.1,,9.0,,['I08N'],2019-12-05,2019-12-27,Akiko
746,44.0,1.0,29.0,,  I08N,1229.0,2.0,20191215.0,1124.0,-8.0022,80.0027,5416,430.7,9.6473,9.6508,2.0,34.8288,2.0,34.8281,2.0,94.0,2.0,93.8,2.0,30.68,2.0,29.7,2.0,0.01,2.0,2.0,2.0,0.01,2.0,1.342,2.0,0.716,2.0,0.019,2.0,0.341,2.0,2221.4,2.0,2310.1,2.0,46.9,2.0,,9.0,,9.0,,9.0,0.0,2.0,0.0,2.0,1.431,1.0,0.297,2.0,0.167,2.0,0.032,2.0,0.003,2.0,99.726,2.0,9.6508,2.0,427.8,24.307956731063385,2.0,23.626885445176303,['I08N'],2019-12-05,2019-12-27,Akiko
747,44.0,1.0,28.0,,  I08N,1228.0,2.0,20191215.0,1124.0,-8.0022,80.0027,5416,529.6,8.6947,8.6944,2.0,34.7961,2.0,34.7958,2.0,82.7,2.0,82.8,2.0,42.44,2.0,32.35,2.0,0.01,2.0,2.24,2.0,0.03,2.0,0.789,2.0,0.421,2.0,0.017,2.0,0.149,2.0,2244.2,2.0,2318.9,2.0,47.9,2.0,,9.0,,9.0,,9.0,0.0,2.0,0.0,2.0,1.474,1.0,0.298,2.0,0.168,2.0,0.03,2.0,0.001,2.0,99.768,2.0,8.6944,2.0,525.9,,9.0,,['I08N'],2019-12-05,2019-12-27,Akiko
748,44.0,1.0,27.0,,  I08N,1227.0,2.0,20191215.0,1124.0,-8.0022,80.0027,5416,630.6,7.8753,7.8754,2.0,34.7826,2.0,34.7819,2.0,71.1,2.0,71.0,2.0,56.58,2.0,34.74,2.0,0.0,2.0,2.46,2.0,0.05,2.0,0.365,2.0,0.2,2.0,0.013,2.0,0.065,2.0,2263.2,2.0,2332.1,2.0,46.2,2.0,,9.0,,9.0,,9.0,0.0,2.0,0.0,2.0,1.507,1.0,0.309,2.0,0.179,2.0,0.034,2.0,0.002,2.0,99.806,2.0,7.8754,2.0,626.1,27.711880795056324,2.0,26.90500708858911,['I08N'],2019-12-05,2019-12-27,Akiko
749,44.0,1.0,26.0,,  I08N,1226.0,2.0,20191215.0,1124.0,-8.0022,80.0027,5416,729.7,7.1704,7.1705,2.0,34.7709,2.0,34.769,2.0,64.6,2.0,65.0,2.0,69.08,2.0,36.12,2.0,0.0,2.0,2.59,2.0,0.05,2.0,0.162,2.0,0.091,2.0,0.004,2.0,0.026,2.0,2280.6,6.0,2344.0,2.0,46.0,2.0,,9.0,,9.0,,9.0,0.0,2.0,0.0,2.0,1.536,1.0,,9.0,,9.0,,9.0,0.002,2.0,99.831,2.0,7.1705,2.0,724.3,,9.0,,['I08N'],2019-12-05,2019-12-27,Akiko
750,44.0,1.0,25.0,,  I08N,1225.0,2.0,20191215.0,1124.0,-8.0022,80.0027,5416,830.2,6.4396,6.4399,2.0,34.7403,2.0,34.7393,2.0,68.0,2.0,68.4,2.0,79.86,2.0,36.53,2.0,0.0,2.0,2.62,2.0,0.02,2.0,0.102,2.0,0.058,2.0,0.002,2.0,0.033,2.0,2290.5,2.0,2353.5,2.0,44.0,2.0,,9.0,,9.0,,9.0,0.0,2.0,0.0,2.0,1.543,1.0,0.324,2.0,0.185,2.0,0.037,2.0,0.002,2.0,99.842,2.0,6.4399,2.0,823.9,26.826290503287826,2.0,26.017573132428858,['I08N'],2019-12-05,2019-12-27,Akiko
751,44.0,1.0,24.0,,  I08N,1224.0,2.0,20191215.0,1124.0,-8.0022,80.0027,5416,929.6,5.8072,5.8076,2.0,34.7213,2.0,34.7222,2.0,73.4,2.0,73.8,2.0,88.34,2.0,36.77,2.0,0.0,2.0,2.64,2.0,0.01,2.0,0.075,2.0,0.04,2.0,0.001,2.0,0.005,2.0,2297.8,2.0,2363.9,2.0,39.5,2.0,,9.0,,9.0,,9.0,0.0,2.0,0.0,2.0,1.57,1.0,,9.0,,9.0,,9.0,0.0,2.0,99.859,2.0,5.8076,2.0,922.3,,9.0,,['I08N'],2019-12-05,2019-12-27,Akiko
752,44.0,1.0,23.0,,  I08N,1223.0,2.0,20191215.0,1124.0,-8.0022,80.0027,5416,1070.5,5.1692,5.1686,2.0,34.718,2.0,34.7206,2.0,80.3,2.0,80.3,2.0,96.15,2.0,37.02,2.0,0.01,2.0,2.66,2.0,0.0,2.0,0.049,2.0,0.026,2.0,0.004,2.0,0.025,2.0,2306.0,2.0,2372.6,2.0,44.4,2.0,,9.0,,9.0,,9.0,0.0,2.0,0.0,2.0,1.562,1.0,0.373,2.0,0.204,2.0,0.047,2.0,0.0,2.0,99.871,2.0,5.1686,2.0,1061.8,26.083208994102765,2.0,25.266081362162257,['I08N'],2019-12-05,2019-12-27,Akiko
753,44.0,1.0,22.0,,  I08N,1222.0,2.0,20191215.0,1124.0,-8.0022,80.0027,5416,1269.8,4.491,4.491,2.0,34.7343,2.0,34.7345,2.0,89.3,2.0,89.6,2.0,103.6,2.0,37.02,2.0,0.0,2.0,2.67,2.0,0.01,2.0,0.025,2.0,0.012,2.0,0.001,2.0,0.036,2.0,2312.7,2.0,2380.0,6.0,39.8,2.0,,9.0,,9.0,,9.0,0.0,2.0,0.0,2.0,1.572,1.0,,9.0,,9.0,,9.0,0.001,2.0,99.869,2.0,4.491,2.0,1258.9,27.901213891917173,2.0,27.000684609146415,['I08N'],2019-12-05,2019-12-27,Akiko
754,44.0,1.0,21.0,,  I08N,1221.0,2.0,20191215.0,1124.0,-8.0022,80.0027,5416,1471.3,3.8856,3.8852,2.0,34.7616,2.0,34.7614,2.0,102.7,2.0,103.0,2.0,107.12,2.0,36.63,2.0,0.0,2.0,2.63,2.0,0.02,2.0,0.015,2.0,0.006,2.0,0.003,2.0,0.006,2.0,2309.1,2.0,2385.6,2.0,39.1,2.0,,9.0,,9.0,,9.0,0.0,2.0,0.0,2.0,1.564,1.0,0.36,2.0,0.196,2.0,0.041,2.0,0.0,2.0,99.871,2.0,3.8852,2.0,1457.9,24.472859750909933,2.0,23.65969404729416,['I08N'],2019-12-05,2019-12-27,Akiko
755,44.0,1.0,20.0,,  I08N,1220.0,2.0,20191215.0,1124.0,-8.0022,80.0027,5416,1670.0,3.2983,3.303,2.0,34.7604,2.0,34.7597,2.0,117.3,2.0,117.5,2.0,111.78,2.0,36.18,2.0,0.0,2.0,2.57,2.0,0.03,2.0,0.014,2.0,0.005,2.0,0.002,2.0,0.005,2.0,2309.6,2.0,2390.0,2.0,42.3,2.0,,9.0,,9.0,,9.0,0.0,2.0,0.0,2.0,1.542,1.0,,9.0,,9.0,,9.0,0.001,2.0,99.882,2.0,3.303,2.0,1654.0,,9.0,,['I08N'],2019-12-05,2019-12-27,Akiko
756,44.0,1.0,19.0,,  I08N,1219.0,2.0,20191215.0,1124.0,-8.0022,80.0027,5416,1869.4,2.7763,2.7793,2.0,34.7516,2.0,34.752,2.0,131.0,2.0,131.1,2.0,116.48,2.0,35.61,2.0,0.0,2.0,2.52,2.0,0.04,2.0,0.012,2.0,0.004,2.0,0.004,2.0,0.005,2.0,2309.3,2.0,2392.9,2.0,38.8,2.0,,9.0,,9.0,,9.0,0.0,2.0,0.0,2.0,1.525,1.0,0.341,2.0,0.182,2.0,0.037,2.0,0.0,2.0,99.876,2.0,2.7793,2.0,1850.7,20.21999051066995,2.0,19.511514148254165,['I08N'],2019-12-05,2019-12-27,Akiko
757,44.0,1.0,18.0,,  I08N,1218.0,2.0,20191215.0,1124.0,-8.0022,80.0027,5416,2071.1,2.4533,2.453,2.0,34.7469,2.0,34.7476,2.0,140.9,2.0,141.0,2.0,119.18,2.0,35.16,2.0,0.0,2.0,2.47,2.0,0.04,2.0,0.012,2.0,0.003,2.0,0.0,2.0,0.003,2.0,2306.6,2.0,2395.6,2.0,39.4,2.0,,9.0,,9.0,,9.0,0.0,2.0,0.0,2.0,1.521,1.0,,9.0,,9.0,,9.0,-0.001,2.0,99.88,2.0,2.453,2.0,2049.4,,9.0,,['I08N'],2019-12-05,2019-12-27,Akiko
758,44.0,1.0,17.0,,  I08N,1217.0,2.0,20191215.0,1124.0,-8.0022,80.0027,5416,2270.3,2.1905,2.1905,2.0,34.7424,2.0,34.743,2.0,148.9,2.0,148.8,2.0,121.83,2.0,34.91,2.0,0.0,2.0,2.44,2.0,0.03,2.0,0.011,2.0,0.004,2.0,0.0,2.0,0.007,2.0,2305.8,2.0,2397.5,2.0,37.8,2.0,,9.0,,9.0,,9.0,0.0,2.0,0.0,2.0,1.5,1.0,0.333,2.0,0.177,2.0,0.036,2.0,0.0,2.0,99.886,2.0,2.1905,2.0,2245.4,18.9170530699071,2.0,18.221246972722437,['I08N'],2019-12-05,2019-12-27,Akiko
759,44.0,1.0,16.0,,  I08N,1216.0,2.0,20191215.0,1124.0,-8.0022,80.0027,5416,2469.9,2.0038,2.004,2.0,34.7373,2.0,34.7378,2.0,155.6,2.0,155.7,2.0,123.54,2.0,34.67,2.0,0.0,2.0,2.41,2.0,0.03,2.0,0.014,2.0,0.004,2.0,0.001,2.0,0.009,2.0,2302.4,6.0,2401.7,2.0,38.7,2.0,,9.0,,9.0,,9.0,0.0,2.0,0.0,2.0,1.484,1.0,,9.0,,9.0,,9.0,0.0,2.0,99.897,2.0,2.004,2.0,2441.7,22.037995408484363,2.0,21.208688091703486,['I08N'],2019-12-05,2019-12-27,Akiko
760,44.0,1.0,15.0,,  I08N,1215.0,2.0,20191215.0,1124.0,-8.0022,80.0027,5416,2670.7,1.8561,1.8556,2.0,34.7335,2.0,34.7338,2.0,161.2,2.0,161.4,2.0,125.02,2.0,34.41,2.0,0.0,2.0,2.38,2.0,0.02,2.0,0.012,2.0,0.005,2.0,0.002,2.0,0.005,2.0,2301.6,2.0,2402.1,2.0,40.3,2.0,,9.0,,9.0,,9.0,0.0,2.0,0.0,2.0,1.469,1.0,0.342,2.0,0.185,2.0,0.043,2.0,0.0,2.0,99.899,2.0,1.8556,2.0,2639.0,17.577470513622796,2.0,16.901149511954635,['I08N'],2019-12-05,2019-12-27,Akiko
761,44.0,1.0,12.0,,  I08N,1212.0,2.0,20191215.0,1124.0,-8.0022,80.0027,5416,3330.6,1.5247,1.5245,2.0,34.724,2.0,34.7239,2.0,167.5,2.0,167.6,2.0,133.45,2.0,34.25,2.0,0.0,2.0,2.36,2.0,0.05,2.0,0.017,2.0,0.007,2.0,0.003,2.0,0.007,2.0,2310.2,3.0,2413.3,6.0,40.8,2.0,,9.0,,9.0,,9.0,0.0,2.0,0.0,2.0,1.483,1.0,0.334,2.0,0.173,2.0,0.034,2.0,0.001,2.0,99.897,2.0,1.5245,2.0,3286.0,,9.0,,['I08N'],2019-12-05,2019-12-27,Akiko
762,44.0,1.0,11.0,,  I08N,1211.0,2.0,20191215.0,1124.0,-8.0022,80.0027,5416,3580.4,1.4498,1.4497,2.0,34.7213,2.0,34.7216,2.0,170.4,2.0,170.3,2.0,135.08,2.0,34.26,2.0,0.0,2.0,2.36,2.0,0.05,2.0,0.014,2.0,0.005,2.0,0.003,2.0,0.001,2.0,2308.5,2.0,2415.5,2.0,39.8,2.0,,9.0,,9.0,,9.0,0.0,2.0,0.0,2.0,1.48,1.0,0.345,2.0,0.184,2.0,0.039,2.0,0.0,2.0,99.901,2.0,1.4497,2.0,3530.5,16.009873905204994,2.0,15.33387406898612,['I08N'],2019-12-05,2019-12-27,Akiko
763,44.0,1.0,10.0,,  I08N,1210.0,2.0,20191215.0,1124.0,-8.0022,80.0027,5416,3830.2,1.4093,1.4092,2.0,34.7195,2.0,34.7195,2.0,173.8,2.0,173.6,2.0,134.8,2.0,34.08,2.0,0.0,2.0,2.34,2.0,0.05,2.0,0.013,2.0,0.004,2.0,0.01,2.0,0.005,2.0,2306.1,2.0,2417.4,2.0,38.3,2.0,,9.0,,9.0,,9.0,0.0,2.0,0.0,2.0,1.471,1.0,,9.0,,9.0,,9.0,-0.001,2.0,99.909,2.0,1.4092,2.0,3774.6,,9.0,,['I08N'],2019-12-05,2019-12-27,Akiko
764,44.0,1.0,9.0,,  I08N,1209.0,2.0,20191215.0,1124.0,-8.0022,80.0027,5416,4079.8,1.3855,1.3854,2.0,34.7182,2.0,34.7183,2.0,176.7,2.0,176.7,2.0,134.32,2.0,34.02,2.0,0.0,2.0,2.33,2.0,0.05,2.0,0.012,2.0,0.004,2.0,0.003,2.0,0.009,2.0,2303.1,2.0,2415.3,2.0,43.2,2.0,,9.0,,9.0,,9.0,0.0,2.0,0.0,2.0,1.468,1.0,0.323,2.0,0.163,2.0,0.033,2.0,0.0,2.0,99.901,2.0,1.3854,2.0,4018.3,16.657270946084036,2.0,15.920656501836897,['I08N'],2019-12-05,2019-12-27,Akiko
765,44.0,1.0,8.0,,  I08N,12103.0,2.0,20191215.0,1124.0,-8.0022,80.0027,5416,4331.2,1.3772,1.3772,2.0,34.7175,2.0,34.7176,2.0,179.9,2.0,179.6,2.0,133.4,2.0,33.85,2.0,0.0,2.0,2.32,2.0,0.04,2.0,0.014,2.0,0.005,2.0,0.006,2.0,0.005,2.0,2300.8,6.0,2409.0,2.0,41.9,2.0,,9.0,,9.0,,9.0,0.0,2.0,0.0,2.0,1.443,1.0,,9.0,,9.0,,9.0,0.0,2.0,99.92,2.0,1.3772,2.0,4263.6,,9.0,,['I08N'],2019-12-05,2019-12-27,Akiko
766,44.0,1.0,7.0,,  I08N,1207.0,2.0,20191215.0,1124.0,-8.0022,80.0027,5416,4581.6,1.3811,1.381,2.0,34.7169,2.0,34.7174,2.0,181.2,2.0,181.0,2.0,132.97,2.0,33.85,2.0,0.0,2.0,2.31,2.0,0.03,2.0,0.012,2.0,0.004,2.0,0.003,2.0,0.001,2.0,2299.7,2.0,2410.6,2.0,39.8,2.0,,9.0,,9.0,,9.0,0.0,2.0,0.0,2.0,1.455,1.0,0.317,2.0,0.159,2.0,0.034,2.0,0.0,2.0,99.909,2.0,1.381,2.0,4507.5,16.451651131213648,2.0,15.691714927445169,['I08N'],2019-12-05,2019-12-27,Akiko
767,44.0,1.0,6.0,,  I08N,1206.0,2.0,20191215.0,1124.0,-8.0022,80.0027,5416,4832.4,1.3948,1.395,2.0,34.7166,2.0,34.7171,2.0,182.4,2.0,182.4,2.0,132.26,2.0,33.79,2.0,0.0,2.0,2.3,2.0,0.03,2.0,0.015,2.0,0.006,2.0,0.001,2.0,0.017,2.0,2297.7,2.0,2409.0,6.0,41.1,2.0,,9.0,,9.0,,9.0,0.0,2.0,0.0,2.0,1.443,1.0,,9.0,,9.0,,9.0,-0.001,2.0,99.911,2.0,1.395,2.0,4751.6,,9.0,,['I08N'],2019-12-05,2019-12-27,Akiko
768,44.0,1.0,5.0,,  I08N,1205.0,2.0,20191215.0,1124.0,-8.0022,80.0027,5416,5080.1,1.4108,1.4108,2.0,34.7164,2.0,34.7163,2.0,183.4,2.0,183.4,2.0,131.8,2.0,33.69,2.0,0.0,2.0,2.3,2.0,0.02,2.0,0.015,2.0,0.006,2.0,0.002,2.0,0.018,2.0,2299.2,2.0,2404.8,2.0,42.2,2.0,,9.0,,9.0,,9.0,0.0,2.0,0.0,2.0,1.442,1.0,0.335,2.0,0.182,2.0,0.044,2.0,-0.001,2.0,99.911,2.0,1.4108,2.0,4992.4,14.97973899110187,2.0,14.258984276918131,['I08N'],2019-12-05,2019-12-27,Akiko
769,44.0,1.0,4.0,,  I08N,1204.0,2.0,20191215.0,1124.0,-8.0022,80.0027,5416,5329.2,1.4366,1.4365,2.0,34.7163,2.0,34.716,2.0,183.7,2.0,183.7,2.0,131.56,2.0,33.62,2.0,0.0,2.0,2.3,2.0,0.02,2.0,0.017,2.0,0.006,2.0,0.002,2.0,0.003,2.0,2298.0,2.0,2405.2,2.0,40.5,2.0,,9.0,,9.0,,9.0,0.0,2.0,0.0,2.0,1.446,1.0,0.297,2.0,0.16,2.0,0.027,2.0,-0.001,2.0,99.882,2.0,1.4365,2.0,5234.3,,9.0,,['I08N'],2019-12-05,2019-12-27,Akiko
770,44.0,1.0,3.0,,  I08N,1203.0,2.0,20191215.0,1124.0,-8.0022,80.0027,5416,5497.7,1.4573,1.4573,2.0,34.7164,2.0,,9.0,183.8,2.0,,9.0,,9.0,,9.0,,9.0,,9.0,,9.0,,9.0,,9.0,,9.0,,9.0,,9.0,,9.0,,9.0,,9.0,,9.0,,9.0,0.0,2.0,0.0,2.0,1.443,1.0,,9.0,,9.0,,9.0,0.0,2.0,99.886,2.0,1.4573,2.0,,,,,['I08N'],2019-12-05,2019-12-27,Akiko
771,44.0,1.0,1.0,,  I08N,1201.0,2.0,20191215.0,1124.0,-8.0022,80.0027,5416,5497.1,1.4573,1.4573,2.0,34.7163,2.0,34.7161,2.0,183.8,2.0,184.0,2.0,131.53,2.0,33.59,2.0,0.0,2.0,2.3,2.0,0.01,2.0,0.015,2.0,0.004,2.0,0.001,2.0,0.008,2.0,2296.0,2.0,2403.9,2.0,43.3,2.0,,9.0,,9.0,,9.0,0.0,2.0,0.0,2.0,1.441,1.0,0.293,2.0,0.168,2.0,0.035,2.0,0.0,2.0,99.884,2.0,1.4573,2.0,5397.2,15.865329282870366,2.0,15.07684832687696,['I08N'],2019-12-05,2019-12-27,Akiko
772,45.0,1.0,36.0,,  I08N,1236.0,2.0,20191215.0,1822.0,-8.5,80.0,5190,10.3,27.9914,27.9906,2.0,34.4443,2.0,,9.0,200.4,2.0,,9.0,1.52,2.0,0.01,2.0,0.0,2.0,0.06,2.0,0.02,2.0,,9.0,,9.0,,9.0,,9.0,,9.0,,9.0,,9.0,,9.0,,9.0,,9.0,0.0,2.0,0.0,2.0,1.124,1.0,,9.0,,9.0,,9.0,0.05,2.0,98.623,2.0,27.9906,2.0,10.2,,9.0,,['I08N'],2019-12-05,2019-12-27,Akiko
773,45.0,1.0,35.0,,  I08N,1235.0,2.0,20191215.0,1822.0,-8.5,80.0,5190,10.4,27.9944,27.9936,2.0,34.4433,2.0,,9.0,200.5,2.0,,9.0,,9.0,,9.0,,9.0,,9.0,,9.0,,9.0,,9.0,,9.0,,9.0,,9.0,,9.0,,9.0,,9.0,,9.0,,9.0,0.0,2.0,0.0,2.0,1.128,1.0,,9.0,,9.0,,9.0,0.047,2.0,98.638,2.0,27.9936,2.0,,,,,['I08N'],2019-12-05,2019-12-27,Akiko
774,45.0,1.0,34.0,,  I08N,1234.0,2.0,20191215.0,1822.0,-8.5,80.0,5190,2.5,27.9832,27.9822,4.0,34.4428,2.0,,9.0,200.6,2.0,,9.0,1.54,2.0,0.01,2.0,0.0,2.0,0.07,2.0,0.03,2.0,,9.0,,9.0,,9.0,,9.0,,9.0,,9.0,,9.0,,9.0,,9.0,,9.0,4.511,2.0,4.511,2.0,1.13,1.0,,9.0,,9.0,,9.0,0.046,2.0,98.621,2.0,27.9822,4.0,2.5,5.346145288461561,2.0,5.231098888577971,['I08N'],2019-12-05,2019-12-27,Akiko
775,45.0,1.0,33.0,,  I08N,1233.0,2.0,20191215.0,1822.0,-8.5,80.0,5190,2.5,27.9832,27.9822,4.0,34.4428,2.0,,9.0,200.6,2.0,,9.0,,9.0,,9.0,,9.0,,9.0,,9.0,,9.0,,9.0,,9.0,,9.0,,9.0,,9.0,,9.0,,9.0,,9.0,,9.0,4.511,2.0,4.511,2.0,1.13,1.0,,9.0,,9.0,,9.0,0.046,2.0,98.621,2.0,27.9822,4.0,,,,,['I08N'],2019-12-05,2019-12-27,Akiko
776,45.0,1.0,32.0,,  I08N,1232.0,2.0,20191215.0,1822.0,-8.5,80.0,5190,25.6,27.9343,27.9322,2.0,34.4676,2.0,,9.0,200.6,2.0,,9.0,1.52,2.0,0.01,2.0,0.0,2.0,0.06,2.0,0.02,2.0,,9.0,,9.0,,9.0,,9.0,,9.0,,9.0,,9.0,,9.0,,9.0,,9.0,0.0,2.0,0.0,2.0,1.138,1.0,,9.0,,9.0,,9.0,0.051,2.0,98.631,2.0,27.9322,2.0,25.4,,9.0,,['I08N'],2019-12-05,2019-12-27,Akiko
777,45.0,1.0,31.0,,  I08N,1231.0,2.0,20191215.0,1822.0,-8.5,80.0,5190,25.0,27.9167,27.9176,2.0,34.4715,2.0,,9.0,200.6,2.0,,9.0,,9.0,,9.0,,9.0,,9.0,,9.0,,9.0,,9.0,,9.0,,9.0,,9.0,,9.0,,9.0,,9.0,,9.0,,9.0,0.0,2.0,0.0,2.0,1.128,1.0,,9.0,,9.0,,9.0,0.055,2.0,98.613,2.0,27.9176,2.0,,,,,['I08N'],2019-12-05,2019-12-27,Akiko
778,45.0,1.0,30.0,,  I08N,1230.0,2.0,20191215.0,1822.0,-8.5,80.0,5190,100.4,27.0492,27.0593,2.0,34.6909,2.0,,9.0,192.9,2.0,,9.0,2.44,2.0,0.04,2.0,0.01,2.0,0.14,2.0,0.09,2.0,,9.0,,9.0,,9.0,,9.0,,9.0,,9.0,,9.0,,9.0,,9.0,,9.0,0.0,2.0,0.0,2.0,1.258,1.0,,9.0,,9.0,,9.0,0.344,2.0,98.581,2.0,27.0593,2.0,99.9,7.514314623480988,2.0,7.346071753749256,['I08N'],2019-12-05,2019-12-27,Akiko
779,45.0,1.0,29.0,,  I08N,1229.0,2.0,20191215.0,1822.0,-8.5,80.0,5190,100.4,27.0214,27.0189,2.0,34.6826,2.0,,9.0,193.0,2.0,,9.0,,9.0,,9.0,,9.0,,9.0,,9.0,,9.0,,9.0,,9.0,,9.0,,9.0,,9.0,,9.0,,9.0,,9.0,,9.0,0.0,2.0,0.0,2.0,1.265,1.0,,9.0,,9.0,,9.0,0.357,2.0,98.596,2.0,27.0189,2.0,,,,,['I08N'],2019-12-05,2019-12-27,Akiko
780,45.0,1.0,28.0,,  I08N,1228.0,2.0,20191215.0,1822.0,-8.5,80.0,5190,114.9,23.2594,23.2514,2.0,34.7928,2.0,,9.0,119.8,2.0,,9.0,9.2,2.0,9.54,2.0,0.42,2.0,0.8,2.0,0.05,2.0,,9.0,,9.0,,9.0,,9.0,,9.0,,9.0,,9.0,,9.0,,9.0,,9.0,0.0,2.0,0.0,2.0,1.443,1.0,,9.0,,9.0,,9.0,0.277,2.0,98.975,2.0,23.2514,2.0,114.2,,9.0,,['I08N'],2019-12-05,2019-12-27,Akiko
781,45.0,1.0,27.0,,  I08N,1227.0,2.0,20191215.0,1822.0,-8.5,80.0,5190,115.5,23.2211,23.2295,2.0,34.7957,2.0,,9.0,118.3,2.0,,9.0,,9.0,,9.0,,9.0,,9.0,,9.0,,9.0,,9.0,,9.0,,9.0,,9.0,,9.0,,9.0,,9.0,,9.0,,9.0,0.0,2.0,0.0,2.0,1.446,1.0,,9.0,,9.0,,9.0,0.296,2.0,98.996,2.0,23.2295,2.0,,,,,['I08N'],2019-12-05,2019-12-27,Akiko
782,45.0,1.0,26.0,,  I08N,1226.0,2.0,20191215.0,1822.0,-8.5,80.0,5190,121.2,21.6848,21.6832,2.0,34.8214,2.0,,9.0,96.9,2.0,,9.0,16.38,2.0,17.14,2.0,0.04,2.0,1.2,2.0,0.03,2.0,,9.0,,9.0,,9.0,,9.0,,9.0,,9.0,,9.0,,9.0,,9.0,,9.0,0.0,2.0,0.0,2.0,1.454,1.0,,9.0,,9.0,,9.0,0.284,2.0,99.098,2.0,21.6832,2.0,120.5,17.1214424093558,2.0,16.708718252498315,['I08N'],2019-12-05,2019-12-27,Akiko
783,45.0,1.0,25.0,,  I08N,1225.0,2.0,20191215.0,1822.0,-8.5,80.0,5190,121.3,21.6817,21.6801,2.0,34.8186,2.0,,9.0,96.7,2.0,,9.0,,9.0,,9.0,,9.0,,9.0,,9.0,,9.0,,9.0,,9.0,,9.0,,9.0,,9.0,,9.0,,9.0,,9.0,,9.0,0.0,2.0,0.0,2.0,1.47,1.0,,9.0,,9.0,,9.0,0.245,2.0,99.089,2.0,21.6801,2.0,,,,,['I08N'],2019-12-05,2019-12-27,Akiko
784,45.0,1.0,24.0,,  I08N,1224.0,2.0,20191215.0,1822.0,-8.5,80.0,5190,130.2,20.0039,19.9983,2.0,34.7464,2.0,,9.0,94.0,2.0,,9.0,16.4,2.0,17.31,2.0,0.05,2.0,1.2,2.0,0.05,2.0,,9.0,,9.0,,9.0,,9.0,,9.0,,9.0,,9.0,,9.0,,9.0,,9.0,0.0,2.0,0.0,2.0,1.445,1.0,,9.0,,9.0,,9.0,0.19,2.0,99.262,2.0,19.9983,2.0,129.4,,9.0,,['I08N'],2019-12-05,2019-12-27,Akiko
785,45.0,1.0,23.0,,  I08N,1223.0,2.0,20191215.0,1822.0,-8.5,80.0,5190,130.3,20.0024,20.0099,2.0,34.746,2.0,,9.0,94.0,2.0,,9.0,,9.0,,9.0,,9.0,,9.0,,9.0,,9.0,,9.0,,9.0,,9.0,,9.0,,9.0,,9.0,,9.0,,9.0,,9.0,0.0,2.0,0.0,2.0,1.447,1.0,,9.0,,9.0,,9.0,0.198,2.0,99.275,2.0,20.0099,2.0,,,,,['I08N'],2019-12-05,2019-12-27,Akiko
786,45.0,1.0,22.0,,  I08N,1222.0,2.0,20191215.0,1822.0,-8.5,80.0,5190,140.2,18.5969,18.6003,2.0,34.6576,2.0,,9.0,99.1,2.0,,9.0,19.95,2.0,18.95,2.0,0.04,2.0,1.29,2.0,0.07,2.0,,9.0,,9.0,,9.0,,9.0,,9.0,,9.0,,9.0,,9.0,,9.0,,9.0,0.0,2.0,0.0,2.0,1.446,1.0,,9.0,,9.0,,9.0,0.174,2.0,98.781,2.0,18.6003,2.0,139.4,18.939447307170212,2.0,18.468836563584393,['I08N'],2019-12-05,2019-12-27,Akiko
787,45.0,1.0,21.0,,  I08N,1221.0,2.0,20191215.0,1822.0,-8.5,80.0,5190,140.2,18.5851,18.5873,2.0,34.6581,2.0,,9.0,98.9,2.0,,9.0,,9.0,,9.0,,9.0,,9.0,,9.0,,9.0,,9.0,,9.0,,9.0,,9.0,,9.0,,9.0,,9.0,,9.0,,9.0,0.0,2.0,0.0,2.0,1.437,1.0,,9.0,,9.0,,9.0,0.162,2.0,99.357,2.0,18.5873,2.0,,,,,['I08N'],2019-12-05,2019-12-27,Akiko
788,45.0,1.0,20.0,,  I08N,1220.0,2.0,20191215.0,1822.0,-8.5,80.0,5190,149.9,17.501,17.5246,2.0,34.6871,2.0,,9.0,88.2,2.0,,9.0,22.11,2.0,20.1,2.0,0.01,2.0,1.4,2.0,0.06,2.0,,9.0,,9.0,,9.0,,9.0,,9.0,,9.0,,9.0,,9.0,,9.0,,9.0,0.0,2.0,0.0,2.0,1.48,1.0,,9.0,,9.0,,9.0,0.104,2.0,99.454,2.0,17.5246,2.0,149.0,,9.0,,['I08N'],2019-12-05,2019-12-27,Akiko
789,45.0,1.0,19.0,,  I08N,1219.0,2.0,20191215.0,1822.0,-8.5,80.0,5190,150.2,17.4628,17.4593,2.0,34.6831,2.0,,9.0,88.2,2.0,,9.0,,9.0,,9.0,,9.0,,9.0,,9.0,,9.0,,9.0,,9.0,,9.0,,9.0,,9.0,,9.0,,9.0,,9.0,,9.0,0.0,2.0,0.0,2.0,1.481,1.0,,9.0,,9.0,,9.0,0.113,2.0,99.454,2.0,17.4593,2.0,,,,,['I08N'],2019-12-05,2019-12-27,Akiko
790,45.0,1.0,18.0,,  I08N,1218.0,2.0,20191215.0,1822.0,-8.5,80.0,5190,160.3,16.597,16.5966,2.0,34.6333,2.0,,9.0,94.1,2.0,,9.0,24.39,2.0,20.44,2.0,0.01,2.0,1.43,2.0,0.03,2.0,,9.0,,9.0,,9.0,,9.0,,9.0,,9.0,,9.0,,9.0,,9.0,,9.0,0.0,2.0,0.0,2.0,1.479,1.0,,9.0,,9.0,,9.0,0.067,2.0,99.496,2.0,16.5966,2.0,159.3,22.860474667965907,2.0,22.28029245198851,['I08N'],2019-12-05,2019-12-27,Akiko
791,45.0,1.0,17.0,,  I08N,1217.0,2.0,20191215.0,1822.0,-8.5,80.0,5190,160.7,16.5726,16.5781,2.0,34.633,2.0,,9.0,94.2,2.0,,9.0,,9.0,,9.0,,9.0,,9.0,,9.0,,9.0,,9.0,,9.0,,9.0,,9.0,,9.0,,9.0,,9.0,,9.0,,9.0,0.0,2.0,0.0,2.0,1.466,1.0,,9.0,,9.0,,9.0,0.054,2.0,99.504,2.0,16.5781,2.0,,,,,['I08N'],2019-12-05,2019-12-27,Akiko
792,45.0,1.0,16.0,,  I08N,1216.0,2.0,20191215.0,1822.0,-8.5,80.0,5190,171.1,15.5525,15.5521,2.0,34.6219,2.0,,9.0,89.7,2.0,,9.0,27.43,2.0,22.25,2.0,0.01,2.0,1.56,2.0,0.04,2.0,,9.0,,9.0,,9.0,,9.0,,9.0,,9.0,,9.0,,9.0,,9.0,,9.0,0.0,2.0,0.0,2.0,1.489,1.0,,9.0,,9.0,,9.0,0.038,2.0,99.502,2.0,15.5521,2.0,170.1,,9.0,,['I08N'],2019-12-05,2019-12-27,Akiko
793,45.0,1.0,15.0,,  I08N,1215.0,2.0,20191215.0,1822.0,-8.5,80.0,5190,170.8,15.5522,15.5519,2.0,34.6217,2.0,,9.0,89.7,2.0,,9.0,,9.0,,9.0,,9.0,,9.0,,9.0,,9.0,,9.0,,9.0,,9.0,,9.0,,9.0,,9.0,,9.0,,9.0,,9.0,0.0,2.0,0.0,2.0,1.479,1.0,,9.0,,9.0,,9.0,0.037,2.0,99.519,2.0,15.5519,2.0,,,,,['I08N'],2019-12-05,2019-12-27,Akiko
794,45.0,1.0,14.0,,  I08N,1214.0,2.0,20191215.0,1822.0,-8.5,80.0,5190,180.3,15.0815,15.0838,2.0,34.6323,2.0,,9.0,83.3,2.0,,9.0,28.87,2.0,23.58,2.0,0.01,2.0,1.64,2.0,0.06,2.0,,9.0,,9.0,,9.0,,9.0,,9.0,,9.0,,9.0,,9.0,,9.0,,9.0,0.0,2.0,0.0,2.0,1.48,1.0,,9.0,,9.0,,9.0,0.026,2.0,99.576,2.0,15.0838,2.0,179.2,25.9732736475384,2.0,25.303364962066013,['I08N'],2019-12-05,2019-12-27,Akiko
795,45.0,1.0,13.0,,  I08N,1213.0,2.0,20191215.0,1822.0,-8.5,80.0,5190,180.0,15.1203,15.1191,2.0,34.6317,2.0,,9.0,83.3,2.0,,9.0,,9.0,,9.0,,9.0,,9.0,,9.0,,9.0,,9.0,,9.0,,9.0,,9.0,,9.0,,9.0,,9.0,,9.0,,9.0,0.0,2.0,0.0,2.0,1.488,1.0,,9.0,,9.0,,9.0,0.035,2.0,99.589,2.0,15.1191,2.0,,,,,['I08N'],2019-12-05,2019-12-27,Akiko
796,45.0,1.0,12.0,,  I08N,1212.0,2.0,20191215.0,1822.0,-8.5,80.0,5190,200.2,13.6802,13.6786,2.0,34.6451,2.0,,9.0,83.1,2.0,,9.0,32.61,2.0,25.08,2.0,0.01,2.0,1.75,2.0,0.05,2.0,,9.0,,9.0,,9.0,,9.0,,9.0,,9.0,,9.0,,9.0,,9.0,,9.0,0.0,2.0,0.0,2.0,1.49,1.0,,9.0,,9.0,,9.0,-0.001,2.0,99.578,2.0,13.6786,2.0,199.0,,9.0,,['I08N'],2019-12-05,2019-12-27,Akiko
797,45.0,1.0,11.0,,  I08N,1211.0,2.0,20191215.0,1822.0,-8.5,80.0,5190,199.8,13.6793,13.6795,2.0,34.6467,2.0,,9.0,83.1,2.0,,9.0,,9.0,,9.0,,9.0,,9.0,,9.0,,9.0,,9.0,,9.0,,9.0,,9.0,,9.0,,9.0,,9.0,,9.0,,9.0,0.0,2.0,0.0,2.0,1.485,1.0,,9.0,,9.0,,9.0,-0.002,2.0,99.612,2.0,13.6795,2.0,,,,,['I08N'],2019-12-05,2019-12-27,Akiko
798,45.0,1.0,10.0,,  I08N,1210.0,2.0,20191215.0,1822.0,-8.5,80.0,5190,230.0,12.8328,12.8554,2.0,34.794,2.0,,9.0,64.9,2.0,,9.0,31.72,2.0,27.53,2.0,0.0,2.0,1.91,2.0,0.04,2.0,,9.0,,9.0,,9.0,,9.0,,9.0,,9.0,,9.0,,9.0,,9.0,,9.0,0.0,2.0,0.0,2.0,1.522,1.0,,9.0,,9.0,,9.0,-0.004,2.0,99.616,2.0,12.8554,2.0,228.6,33.108891975466186,2.0,32.22908347417845,['I08N'],2019-12-05,2019-12-27,Akiko
799,45.0,1.0,9.0,,  I08N,1209.0,2.0,20191215.0,1822.0,-8.5,80.0,5190,230.0,12.8166,12.8266,2.0,34.7956,2.0,,9.0,64.9,2.0,,9.0,,9.0,,9.0,,9.0,,9.0,,9.0,,9.0,,9.0,,9.0,,9.0,,9.0,,9.0,,9.0,,9.0,,9.0,,9.0,0.0,2.0,0.0,2.0,1.513,1.0,,9.0,,9.0,,9.0,-0.004,2.0,99.62,2.0,12.8266,2.0,,,,,['I08N'],2019-12-05,2019-12-27,Akiko
800,45.0,1.0,8.0,,  I08N,12103.0,2.0,20191215.0,1822.0,-8.5,80.0,5190,279.3,12.156,12.1576,2.0,34.9532,2.0,,9.0,72.9,2.0,,9.0,25.4,2.0,27.51,2.0,0.0,2.0,1.85,2.0,0.07,2.0,,9.0,,9.0,,9.0,,9.0,,9.0,,9.0,,9.0,,9.0,,9.0,,9.0,0.0,2.0,0.0,2.0,1.482,1.0,,9.0,,9.0,,9.0,0.001,2.0,99.616,2.0,12.1576,2.0,277.6,27.935823167687435,2.0,27.180824617711306,['I08N'],2019-12-05,2019-12-27,Akiko
801,45.0,1.0,7.0,,  I08N,1207.0,2.0,20191215.0,1822.0,-8.5,80.0,5190,280.1,12.1637,12.1644,2.0,34.9524,2.0,,9.0,72.9,2.0,,9.0,,9.0,,9.0,,9.0,,9.0,,9.0,,9.0,,9.0,,9.0,,9.0,,9.0,,9.0,,9.0,,9.0,,9.0,,9.0,0.0,2.0,0.0,2.0,1.497,1.0,,9.0,,9.0,,9.0,0.0,2.0,99.631,2.0,12.1644,2.0,,,,,['I08N'],2019-12-05,2019-12-27,Akiko
802,45.0,1.0,6.0,,  I08N,1206.0,2.0,20191215.0,1822.0,-8.5,80.0,5190,328.6,11.3349,11.3352,2.0,34.9267,2.0,,9.0,80.3,2.0,,9.0,25.4,2.0,27.68,2.0,0.0,2.0,1.87,2.0,0.05,2.0,,9.0,,9.0,,9.0,,9.0,,9.0,,9.0,,9.0,,9.0,,9.0,,9.0,0.0,2.0,0.0,2.0,1.46,1.0,,9.0,,9.0,,9.0,0.002,2.0,99.688,2.0,11.3352,2.0,326.5,,9.0,,['I08N'],2019-12-05,2019-12-27,Akiko
803,45.0,1.0,5.0,,  I08N,1205.0,2.0,20191215.0,1822.0,-8.5,80.0,5190,328.9,11.3291,11.3316,2.0,34.9265,2.0,,9.0,80.3,2.0,,9.0,,9.0,,9.0,,9.0,,9.0,,9.0,,9.0,,9.0,,9.0,,9.0,,9.0,,9.0,,9.0,,9.0,,9.0,,9.0,0.0,2.0,0.0,2.0,1.456,1.0,,9.0,,9.0,,9.0,0.003,2.0,99.692,2.0,11.3316,2.0,,,,,['I08N'],2019-12-05,2019-12-27,Akiko
804,45.0,1.0,2.0,,  I08N,12046.0,2.0,20191215.0,1822.0,-8.5,80.0,5190,109.4,25.9012,25.9031,2.0,34.6239,2.0,,9.0,175.1,2.0,,9.0,4.28,2.0,1.64,2.0,0.14,2.0,0.3,2.0,0.13,2.0,,9.0,,9.0,,9.0,,9.0,,9.0,,9.0,,9.0,,9.0,,9.0,,9.0,0.0,2.0,0.0,2.0,1.327,1.0,,9.0,,9.0,,9.0,0.343,2.0,98.733,2.0,25.9031,2.0,108.7,10.189408056547212,2.0,9.957849339625406,['I08N'],2019-12-05,2019-12-27,Akiko
805,45.0,1.0,1.0,,  I08N,1201.0,2.0,20191215.0,1822.0,-8.5,80.0,5190,109.5,25.8898,25.8914,2.0,34.622,2.0,,9.0,174.8,2.0,,9.0,,9.0,,9.0,,9.0,,9.0,,9.0,,9.0,,9.0,,9.0,,9.0,,9.0,,9.0,,9.0,,9.0,,9.0,,9.0,0.0,2.0,0.0,2.0,1.315,1.0,,9.0,,9.0,,9.0,0.393,2.0,98.737,2.0,25.8914,2.0,,,,,['I08N'],2019-12-05,2019-12-27,Akiko
806,46.0,1.0,36.0,,  I08N,1236.0,2.0,20191216.0,29.0,-9.0004,79.9991,5207,9.9,27.9567,27.9567,2.0,34.5079,2.0,34.5071,2.0,200.1,2.0,199.9,2.0,1.6,2.0,0.04,2.0,0.0,2.0,0.07,2.0,0.03,2.0,1.381,2.0,0.944,2.0,0.117,2.0,1.581,2.0,1962.4,2.0,2266.0,2.0,,9.0,0.08,2.0,,9.0,300.0,2.0,547.016,2.0,547.016,2.0,1.067,1.0,,9.0,,9.0,,9.0,0.032,2.0,98.735,2.0,27.9567,2.0,,,,,['I08N'],2019-12-05,2019-12-27,Akiko
807,46.0,1.0,35.0,,  I08N,1235.0,2.0,20191216.0,29.0,-9.0004,79.9991,5207,50.2,27.8676,27.866,2.0,34.5125,2.0,34.5114,2.0,200.4,2.0,200.4,2.0,1.61,2.0,0.03,2.0,0.0,2.0,0.07,2.0,0.02,2.0,1.36,2.0,0.948,2.0,0.114,2.0,1.601,2.0,1959.5,2.0,2270.3,2.0,,9.0,0.12,2.0,,9.0,299.7,2.0,81.328,2.0,81.328,2.0,1.104,1.0,,9.0,,9.0,,9.0,0.098,2.0,98.743,2.0,27.866,2.0,,,,,['I08N'],2019-12-05,2019-12-27,Akiko
808,46.0,1.0,34.0,,  I08N,1234.0,2.0,20191216.0,29.0,-9.0004,79.9991,5207,99.1,26.8622,26.8653,2.0,34.5056,2.0,34.5066,2.0,195.6,2.0,195.5,2.0,2.12,2.0,0.08,2.0,0.01,2.0,0.12,2.0,0.04,2.0,1.339,2.0,0.968,2.0,0.092,2.0,1.663,2.0,1967.9,2.0,2265.4,2.0,,9.0,0.34,2.0,,9.0,314.0,2.0,9.762,2.0,9.762,2.0,1.224,1.0,,9.0,,9.0,,9.0,0.329,2.0,98.745,2.0,26.8653,2.0,,,,,['I08N'],2019-12-05,2019-12-27,Akiko
809,46.0,1.0,33.0,,  I08N,1233.0,2.0,20191216.0,29.0,-9.0004,79.9991,5207,149.5,18.5534,18.5596,2.0,34.702,2.0,34.691,2.0,83.5,2.0,86.9,2.0,20.46,2.0,19.61,2.0,0.02,2.0,1.36,2.0,0.03,2.0,1.296,2.0,0.978,2.0,0.009,2.0,1.056,2.0,2140.8,2.0,2285.1,2.0,,9.0,0.09,2.0,,9.0,416.7,2.0,0.0,2.0,0.0,2.0,1.471,1.0,,9.0,,9.0,,9.0,0.162,2.0,99.439,2.0,18.5596,2.0,,,,,['I08N'],2019-12-05,2019-12-27,Akiko
810,46.0,1.0,32.0,,  I08N,1232.0,2.0,20191216.0,29.0,-9.0004,79.9991,5207,200.1,14.0403,14.0559,2.0,34.6607,2.0,34.6613,2.0,79.3,2.0,79.7,2.0,31.11,2.0,24.74,2.0,0.0,2.0,1.73,2.0,0.02,2.0,1.408,2.0,0.871,2.0,0.008,2.0,0.726,2.0,2186.7,2.0,2296.0,2.0,,9.0,0.01,2.0,,9.0,440.0,2.0,0.0,2.0,0.0,2.0,1.502,1.0,,9.0,,9.0,,9.0,0.0,2.0,99.631,2.0,14.0559,2.0,,,,,['I08N'],2019-12-05,2019-12-27,Akiko
811,46.0,1.0,31.0,,  I08N,1231.0,2.0,20191216.0,29.0,-9.0004,79.9991,5207,250.2,12.8595,12.859,2.0,34.8176,2.0,34.8207,2.0,64.1,2.0,64.1,2.0,30.84,2.0,27.43,2.0,0.0,2.0,1.9,2.0,0.01,2.0,1.447,2.0,0.828,2.0,0.01,2.0,0.532,2.0,2210.2,2.0,2307.5,2.0,,9.0,0.01,2.0,,9.0,416.5,2.0,0.0,2.0,0.0,2.0,1.513,1.0,,9.0,,9.0,,9.0,-0.004,2.0,99.635,2.0,12.859,2.0,,,,,['I08N'],2019-12-05,2019-12-27,Akiko
812,46.0,1.0,30.0,,  I08N,1230.0,2.0,20191216.0,29.0,-9.0004,79.9991,5207,280.1,12.28,12.2797,2.0,34.8841,2.0,34.8906,2.0,60.9,2.0,61.7,2.0,29.09,2.0,28.34,2.0,0.0,2.0,1.94,2.0,0.02,2.0,1.435,2.0,0.814,2.0,0.007,2.0,0.432,2.0,2223.4,2.0,2307.8,2.0,,9.0,,9.0,,9.0,435.5,2.0,0.0,2.0,0.0,2.0,1.52,1.0,,9.0,,9.0,,9.0,-0.002,2.0,99.631,2.0,12.2797,2.0,,,,,['I08N'],2019-12-05,2019-12-27,Akiko
813,46.0,1.0,29.0,,  I08N,1229.0,2.0,20191216.0,29.0,-9.0004,79.9991,5207,371.9,10.6699,10.6747,2.0,34.8794,2.0,34.8749,2.0,106.4,2.0,106.5,2.0,24.63,2.0,26.42,2.0,0.0,2.0,1.79,2.0,0.01,2.0,1.849,2.0,1.007,2.0,0.028,2.0,0.604,2.0,2203.1,2.0,2305.3,2.0,,9.0,,9.0,,9.0,447.0,2.0,0.0,2.0,0.0,2.0,1.422,1.0,,9.0,,9.0,,9.0,0.002,2.0,99.684,2.0,10.6747,2.0,,,,,['I08N'],2019-12-05,2019-12-27,Akiko
814,46.0,1.0,28.0,,  I08N,1228.0,2.0,20191216.0,29.0,-9.0004,79.9991,5207,470.4,9.3281,9.3283,2.0,34.7996,2.0,34.7978,2.0,102.4,2.0,101.0,2.0,33.27,2.0,29.66,2.0,0.0,2.0,2.03,2.0,0.01,2.0,1.338,2.0,0.721,2.0,0.021,2.0,0.356,2.0,2220.6,2.0,2311.8,2.0,,9.0,,9.0,,9.0,433.5,2.0,0.0,2.0,0.0,2.0,1.427,1.0,,9.0,,9.0,,9.0,0.001,2.0,99.743,2.0,9.3283,2.0,,,,,['I08N'],2019-12-05,2019-12-27,Akiko
815,46.0,1.0,27.0,,  I08N,1227.0,2.0,20191216.0,29.0,-9.0004,79.9991,5207,570.9,8.3617,8.3687,2.0,34.7884,2.0,34.7886,2.0,82.4,2.0,81.1,2.0,48.0,2.0,32.97,2.0,0.01,2.0,2.33,2.0,0.01,2.0,0.618,2.0,0.349,2.0,0.014,2.0,0.142,2.0,2248.6,2.0,2324.6,2.0,,9.0,,9.0,,9.0,445.7,2.0,0.0,2.0,0.0,2.0,1.475,1.0,,9.0,,9.0,,9.0,0.002,2.0,99.776,2.0,8.3687,2.0,,,,,['I08N'],2019-12-05,2019-12-27,Akiko
816,46.0,1.0,26.0,,  I08N,1226.0,2.0,20191216.0,29.0,-9.0004,79.9991,5207,671.3,7.6077,7.6109,2.0,34.7756,2.0,34.7766,2.0,73.6,2.0,72.6,2.0,59.82,2.0,34.71,2.0,0.0,2.0,2.48,2.0,0.0,2.0,0.326,2.0,0.189,2.0,0.005,2.0,0.071,2.0,2266.2,6.0,2335.2,2.0,,9.0,,9.0,,9.0,456.0,2.0,0.0,2.0,0.0,2.0,1.527,1.0,,9.0,,9.0,,9.0,0.0,2.0,99.812,2.0,7.6109,2.0,,,,,['I08N'],2019-12-05,2019-12-27,Akiko
817,46.0,1.0,25.0,,  I08N,1225.0,2.0,20191216.0,29.0,-9.0004,79.9991,5207,768.4,6.8665,6.8719,2.0,34.7609,2.0,34.7611,2.0,69.1,2.0,69.0,2.0,72.61,2.0,36.03,2.0,0.01,2.0,2.59,2.0,0.06,2.0,0.16,2.0,0.091,2.0,0.001,2.0,0.013,2.0,2284.6,2.0,2348.1,2.0,,9.0,,9.0,,9.0,444.1,2.0,0.0,2.0,0.0,2.0,1.544,1.0,,9.0,,9.0,,9.0,0.001,2.0,99.821,2.0,6.8719,2.0,,,,,['I08N'],2019-12-05,2019-12-27,Akiko
818,46.0,1.0,24.0,,  I08N,1224.0,2.0,20191216.0,29.0,-9.0004,79.9991,5207,869.9,6.219,6.2167,2.0,34.7367,2.0,34.7374,2.0,72.0,2.0,71.9,2.0,82.1,2.0,36.51,2.0,0.01,2.0,2.64,2.0,0.04,2.0,0.101,2.0,0.059,2.0,0.003,2.0,0.002,2.0,2290.3,2.0,2356.1,2.0,,9.0,,9.0,,9.0,461.5,2.0,0.0,2.0,0.0,2.0,1.551,1.0,,9.0,,9.0,,9.0,0.0,2.0,99.842,2.0,6.2167,2.0,,,,,['I08N'],2019-12-05,2019-12-27,Akiko
819,46.0,1.0,23.0,,  I08N,1223.0,2.0,20191216.0,29.0,-9.0004,79.9991,5207,969.8,5.5998,5.608,2.0,34.7261,2.0,34.7275,2.0,77.6,2.0,78.0,2.0,89.98,2.0,36.75,2.0,0.0,2.0,2.66,2.0,0.03,2.0,0.068,2.0,0.038,2.0,0.002,2.0,0.017,2.0,2298.6,2.0,2363.7,2.0,,9.0,,9.0,,9.0,459.8,2.0,0.0,2.0,0.0,2.0,1.561,1.0,,9.0,,9.0,,9.0,0.0,2.0,99.848,2.0,5.608,2.0,,,,,['I08N'],2019-12-05,2019-12-27,Akiko
820,46.0,1.0,22.0,,  I08N,1222.0,2.0,20191216.0,29.0,-9.0004,79.9991,5207,1128.1,5.0335,5.0328,2.0,34.7268,2.0,34.7283,2.0,82.6,2.0,82.7,2.0,98.22,2.0,37.0,2.0,0.0,2.0,2.68,2.0,0.03,2.0,0.035,2.0,0.019,2.0,0.006,2.0,0.007,2.0,2306.3,2.0,2371.4,6.0,,9.0,,9.0,,9.0,466.3,2.0,0.0,2.0,0.0,2.0,1.576,1.0,,9.0,,9.0,,9.0,0.0,2.0,99.861,2.0,5.0328,2.0,,,,,['I08N'],2019-12-05,2019-12-27,Akiko
821,46.0,1.0,21.0,,  I08N,1221.0,2.0,20191216.0,29.0,-9.0004,79.9991,5207,1330.2,4.3599,4.3628,2.0,34.7444,2.0,34.7433,2.0,93.3,2.0,93.5,2.0,104.11,2.0,36.91,2.0,0.0,2.0,2.66,2.0,0.01,2.0,0.018,2.0,0.008,2.0,0.001,2.0,0.007,2.0,2309.9,2.0,2379.4,2.0,,9.0,,9.0,,9.0,464.5,2.0,0.0,2.0,0.0,2.0,1.566,1.0,,9.0,,9.0,,9.0,0.0,2.0,99.871,2.0,4.3628,2.0,,,,,['I08N'],2019-12-05,2019-12-27,Akiko
822,46.0,1.0,19.0,,  I08N,1219.0,2.0,20191216.0,29.0,-9.0004,79.9991,5207,1728.2,3.1501,3.1498,2.0,34.7483,2.0,34.748,2.0,121.2,2.0,121.0,2.0,113.82,2.0,36.05,2.0,0.01,2.0,2.59,2.0,0.01,2.0,0.01,2.0,0.004,2.0,0.0,2.0,0.007,2.0,2313.1,2.0,2386.7,2.0,,9.0,,9.0,,9.0,,9.0,0.0,2.0,0.0,2.0,1.534,1.0,,9.0,,9.0,,9.0,0.001,2.0,99.886,2.0,3.1498,2.0,,,,,['I08N'],2019-12-05,2019-12-27,Akiko
823,46.0,1.0,18.0,,  I08N,1218.0,2.0,20191216.0,29.0,-9.0004,79.9991,5207,1930.1,2.7123,2.714,2.0,34.748,2.0,34.7479,2.0,133.4,2.0,133.5,2.0,117.59,2.0,35.49,2.0,0.01,2.0,2.53,2.0,0.01,2.0,0.011,2.0,0.004,2.0,0.001,2.0,0.005,2.0,2308.5,2.0,2391.6,2.0,,9.0,,9.0,,9.0,,9.0,0.0,2.0,0.0,2.0,1.526,1.0,,9.0,,9.0,,9.0,0.0,2.0,99.878,2.0,2.714,2.0,,,,,['I08N'],2019-12-05,2019-12-27,Akiko
824,46.0,1.0,17.0,,  I08N,1217.0,2.0,20191216.0,29.0,-9.0004,79.9991,5207,2129.9,2.3877,2.3874,2.0,34.7424,2.0,34.7423,2.0,143.9,2.0,144.3,2.0,120.35,2.0,35.05,2.0,0.0,2.0,2.48,2.0,0.01,2.0,0.016,2.0,0.005,2.0,0.001,2.0,0.002,2.0,2303.6,2.0,2393.0,2.0,,9.0,,9.0,,9.0,,9.0,0.0,2.0,0.0,2.0,1.501,1.0,,9.0,,9.0,,9.0,0.0,2.0,99.884,2.0,2.3874,2.0,,,,,['I08N'],2019-12-05,2019-12-27,Akiko
825,46.0,1.0,16.0,,  I08N,1216.0,2.0,20191216.0,29.0,-9.0004,79.9991,5207,2329.7,2.1403,2.1403,2.0,34.7388,2.0,34.7386,2.0,152.0,2.0,152.3,2.0,122.47,2.0,34.67,2.0,0.0,2.0,2.44,2.0,0.01,2.0,0.012,2.0,0.003,2.0,0.009,2.0,0.006,2.0,2303.7,6.0,2395.8,2.0,,9.0,,9.0,,9.0,,9.0,0.0,2.0,0.0,2.0,1.49,1.0,,9.0,,9.0,,9.0,0.0,2.0,99.897,2.0,2.1403,2.0,,,,,['I08N'],2019-12-05,2019-12-27,Akiko
826,46.0,1.0,15.0,,  I08N,1215.0,2.0,20191216.0,29.0,-9.0004,79.9991,5207,2531.3,1.9771,1.9791,2.0,34.7353,2.0,34.7343,2.0,157.6,2.0,157.8,2.0,123.92,2.0,34.43,2.0,0.0,2.0,2.42,2.0,0.0,2.0,0.013,2.0,0.005,2.0,0.001,2.0,0.006,2.0,2302.0,2.0,2395.6,2.0,,9.0,,9.0,,9.0,,9.0,0.0,2.0,0.0,2.0,1.488,1.0,,9.0,,9.0,,9.0,-0.001,2.0,99.897,2.0,1.9791,2.0,,,,,['I08N'],2019-12-05,2019-12-27,Akiko
827,46.0,1.0,14.0,,  I08N,1214.0,2.0,20191216.0,29.0,-9.0004,79.9991,5207,2730.1,1.8407,1.8419,2.0,34.7324,2.0,34.7315,2.0,162.1,2.0,162.2,2.0,125.66,2.0,34.27,2.0,0.0,2.0,2.4,2.0,0.01,2.0,0.012,2.0,0.005,2.0,0.001,2.0,0.01,2.0,2302.0,2.0,2398.9,2.0,,9.0,,9.0,,9.0,,9.0,0.0,2.0,0.0,2.0,1.475,1.0,,9.0,,9.0,,9.0,-0.001,2.0,99.897,2.0,1.8419,2.0,,,,,['I08N'],2019-12-05,2019-12-27,Akiko
828,46.0,1.0,13.0,,  I08N,1213.0,2.0,20191216.0,29.0,-9.0004,79.9991,5207,2929.9,1.7453,1.7453,2.0,34.73,2.0,34.7292,2.0,164.1,2.0,164.4,2.0,127.61,2.0,34.22,2.0,0.01,2.0,2.38,2.0,0.06,2.0,0.01,2.0,0.004,2.0,0.001,2.0,0.004,2.0,2305.1,2.0,2402.9,2.0,,9.0,,9.0,,9.0,,9.0,0.0,2.0,0.0,2.0,1.469,1.0,,9.0,,9.0,,9.0,0.0,2.0,99.897,2.0,1.7453,2.0,,,,,['I08N'],2019-12-05,2019-12-27,Akiko
829,46.0,1.0,12.0,,  I08N,1212.0,2.0,20191216.0,29.0,-9.0004,79.9991,5207,3169.2,1.6301,1.63,2.0,34.7264,2.0,34.7258,2.0,167.4,2.0,167.6,2.0,130.39,2.0,34.1,2.0,0.0,2.0,2.37,2.0,0.02,2.0,0.011,2.0,0.004,2.0,0.005,2.0,0.003,2.0,2304.1,2.0,2404.4,6.0,,9.0,,9.0,,9.0,,9.0,0.0,2.0,0.0,2.0,1.477,1.0,,9.0,,9.0,,9.0,0.0,2.0,99.897,2.0,1.63,2.0,,,,,['I08N'],2019-12-05,2019-12-27,Akiko
830,46.0,1.0,11.0,,  I08N,1211.0,2.0,20191216.0,29.0,-9.0004,79.9991,5207,3420.8,1.5016,1.502,2.0,34.7226,2.0,34.7226,2.0,171.5,2.0,171.5,2.0,132.39,2.0,34.05,2.0,0.01,2.0,2.36,2.0,0.02,2.0,0.014,2.0,0.004,2.0,0.004,2.0,0.018,2.0,2304.3,2.0,2407.1,2.0,,9.0,,9.0,,9.0,,9.0,0.0,2.0,0.0,2.0,1.47,1.0,,9.0,,9.0,,9.0,-0.001,2.0,99.905,2.0,1.502,2.0,,,,,['I08N'],2019-12-05,2019-12-27,Akiko
831,46.0,1.0,10.0,,  I08N,1210.0,2.0,20191216.0,29.0,-9.0004,79.9991,5207,3669.9,1.3926,1.393,2.0,34.7193,2.0,34.7193,2.0,175.9,2.0,176.1,2.0,134.08,2.0,34.04,2.0,0.0,2.0,2.35,2.0,0.01,2.0,0.013,2.0,0.005,2.0,0.001,2.0,0.004,2.0,2302.9,2.0,2409.2,2.0,,9.0,,9.0,,9.0,,9.0,0.0,2.0,0.0,2.0,1.457,1.0,,9.0,,9.0,,9.0,0.0,2.0,99.918,2.0,1.393,2.0,,,,,['I08N'],2019-12-05,2019-12-27,Akiko
832,46.0,1.0,9.0,,  I08N,1209.0,2.0,20191216.0,29.0,-9.0004,79.9991,5207,3920.1,1.3575,1.3574,2.0,34.7177,2.0,34.7179,2.0,178.8,2.0,178.9,2.0,134.33,2.0,33.88,2.0,0.0,2.0,2.34,2.0,0.02,2.0,0.01,2.0,0.004,2.0,0.001,2.0,0.012,2.0,2303.0,2.0,2408.3,2.0,,9.0,,9.0,,9.0,,9.0,0.0,2.0,0.0,2.0,1.449,1.0,,9.0,,9.0,,9.0,-0.001,2.0,99.916,2.0,1.3574,2.0,,,,,['I08N'],2019-12-05,2019-12-27,Akiko
833,46.0,1.0,8.0,,  I08N,12103.0,2.0,20191216.0,29.0,-9.0004,79.9991,5207,4170.8,1.3543,1.3542,2.0,34.7169,2.0,34.7174,2.0,180.3,2.0,180.3,2.0,134.25,2.0,33.97,2.0,0.01,2.0,2.33,2.0,0.03,2.0,0.012,2.0,0.005,2.0,0.006,2.0,0.022,2.0,2302.8,6.0,2408.7,2.0,,9.0,,9.0,,9.0,,9.0,0.0,2.0,0.0,2.0,1.446,1.0,,9.0,,9.0,,9.0,0.0,2.0,99.914,2.0,1.3542,2.0,,,,,['I08N'],2019-12-05,2019-12-27,Akiko
834,46.0,1.0,7.0,,  I08N,1207.0,2.0,20191216.0,29.0,-9.0004,79.9991,5207,4420.3,1.3613,1.3614,2.0,34.7167,2.0,34.7172,2.0,181.5,2.0,181.6,2.0,133.74,2.0,33.73,2.0,0.01,2.0,2.33,2.0,0.02,2.0,0.014,2.0,0.008,2.0,0.0,2.0,0.008,2.0,2300.4,2.0,2407.8,2.0,,9.0,,9.0,,9.0,,9.0,0.0,2.0,0.0,2.0,1.445,1.0,,9.0,,9.0,,9.0,0.0,2.0,99.914,2.0,1.3614,2.0,,,,,['I08N'],2019-12-05,2019-12-27,Akiko
835,46.0,1.0,6.0,,  I08N,1206.0,2.0,20191216.0,29.0,-9.0004,79.9991,5207,4669.3,1.3788,1.3788,2.0,34.7164,2.0,34.7164,2.0,182.0,2.0,181.9,2.0,133.72,2.0,33.73,2.0,0.01,2.0,2.32,2.0,0.02,2.0,0.011,2.0,0.006,2.0,0.001,2.0,0.006,2.0,2299.6,2.0,2407.9,6.0,,9.0,,9.0,,9.0,,9.0,0.0,2.0,0.0,2.0,1.442,1.0,,9.0,,9.0,,9.0,-0.001,2.0,99.916,2.0,1.3788,2.0,,,,,['I08N'],2019-12-05,2019-12-27,Akiko
836,46.0,1.0,5.0,,  I08N,1205.0,2.0,20191216.0,29.0,-9.0004,79.9991,5207,4922.1,1.4014,1.4014,2.0,34.7163,2.0,34.716,2.0,182.4,2.0,182.6,2.0,133.32,2.0,33.72,2.0,0.0,2.0,2.32,2.0,0.02,2.0,0.015,2.0,0.006,2.0,0.002,2.0,0.005,2.0,2298.5,2.0,2404.8,2.0,,9.0,,9.0,,9.0,,9.0,0.0,2.0,0.0,2.0,1.444,1.0,,9.0,,9.0,,9.0,-0.001,2.0,99.922,2.0,1.4014,2.0,,,,,['I08N'],2019-12-05,2019-12-27,Akiko
837,46.0,1.0,4.0,,  I08N,1204.0,2.0,20191216.0,29.0,-9.0004,79.9991,5207,5170.1,1.4267,1.4267,2.0,34.7162,2.0,34.716,2.0,182.7,2.0,183.0,2.0,133.35,2.0,33.62,2.0,0.0,2.0,2.32,2.0,0.02,2.0,0.013,2.0,0.007,2.0,0.001,2.0,0.004,2.0,2296.8,2.0,2403.6,2.0,,9.0,,9.0,,9.0,,9.0,0.0,2.0,0.0,2.0,1.445,1.0,,9.0,,9.0,,9.0,-0.001,2.0,99.897,2.0,1.4267,2.0,,,,,['I08N'],2019-12-05,2019-12-27,Akiko
838,46.0,1.0,2.0,,  I08N,12046.0,2.0,20191216.0,29.0,-9.0004,79.9991,5207,104.9,25.9796,25.9978,2.0,34.6424,2.0,34.6511,2.0,173.8,2.0,170.8,2.0,4.29,2.0,1.67,2.0,0.13,2.0,0.32,2.0,0.07,2.0,,9.0,,9.0,,9.0,,9.0,2001.8,2.0,2275.2,2.0,,9.0,0.42,2.0,,9.0,304.1,2.0,7.137,2.0,7.137,2.0,1.336,1.0,,9.0,,9.0,,9.0,0.438,2.0,98.661,2.0,25.9978,2.0,,,,,['I08N'],2019-12-05,2019-12-27,Akiko
839,46.0,1.0,1.0,,  I08N,1201.0,2.0,20191216.0,29.0,-9.0004,79.9991,5207,5285.0,1.4362,1.4363,2.0,34.7161,2.0,34.7153,2.0,183.0,2.0,183.2,2.0,132.91,2.0,33.67,2.0,0.01,2.0,2.32,2.0,0.02,2.0,0.011,2.0,0.006,2.0,0.003,2.0,0.015,2.0,2300.6,2.0,2406.3,2.0,,9.0,,9.0,,9.0,,9.0,0.0,2.0,0.0,2.0,1.435,1.0,,9.0,,9.0,,9.0,0.0,2.0,99.886,2.0,1.4363,2.0,,,,,['I08N'],2019-12-05,2019-12-27,Akiko
840,48.0,1.0,36.0,,  I08N,1236.0,2.0,20191216.0,1246.0,-10.0001,79.9996,5383,10.0,27.9813,27.9796,2.0,34.5169,2.0,34.5155,2.0,201.1,2.0,200.6,2.0,1.7,2.0,0.01,2.0,0.01,2.0,0.08,2.0,0.05,2.0,1.479,2.0,0.937,2.0,0.122,2.0,1.603,2.0,1964.3,2.0,2269.4,2.0,,9.0,0.05,2.0,58.3,2.0,301.6,2.0,0.0,2.0,0.0,2.0,1.126,1.0,,9.0,,9.0,,9.0,0.04,2.0,98.684,2.0,27.9796,2.0,,,,,['I08N'],2019-12-05,2019-12-27,Akiko
841,48.0,1.0,35.0,,  I08N,1235.0,2.0,20191216.0,1246.0,-10.0001,79.9996,5383,50.2,27.7748,27.7739,2.0,34.5121,2.0,34.5118,2.0,201.5,2.0,201.1,2.0,1.61,2.0,0.01,2.0,0.01,2.0,0.08,2.0,0.05,2.0,1.494,2.0,0.945,2.0,0.128,2.0,1.557,2.0,1958.6,2.0,2270.5,2.0,,9.0,0.07,2.0,55.2,2.0,313.5,2.0,0.0,2.0,0.0,2.0,1.125,1.0,,9.0,,9.0,,9.0,0.092,2.0,98.553,2.0,27.7739,2.0,,,,,['I08N'],2019-12-05,2019-12-27,Akiko
842,48.0,1.0,34.0,,  I08N,1234.0,2.0,20191216.0,1246.0,-10.0001,79.9996,5383,100.5,27.69,27.69,2.0,34.7859,2.0,34.7841,2.0,197.5,2.0,197.5,2.0,1.96,2.0,0.01,2.0,0.01,2.0,0.11,2.0,0.02,2.0,1.475,2.0,0.941,2.0,0.119,2.0,1.555,2.0,1961.4,2.0,2280.5,2.0,,9.0,0.33,2.0,57.1,2.0,312.0,2.0,0.0,2.0,0.0,2.0,1.144,1.0,,9.0,,9.0,,9.0,0.323,2.0,98.659,2.0,27.69,2.0,,,,,['I08N'],2019-12-05,2019-12-27,Akiko
843,48.0,1.0,33.0,,  I08N,1233.0,2.0,20191216.0,1246.0,-10.0001,79.9996,5383,149.9,20.4643,20.4616,2.0,34.8108,2.0,34.7919,2.0,84.5,2.0,84.6,2.0,15.46,2.0,17.98,2.0,0.04,2.0,1.24,2.0,0.01,2.0,1.63,2.0,1.002,2.0,0.036,2.0,1.124,2.0,2125.1,2.0,2285.0,2.0,,9.0,0.16,2.0,51.4,2.0,401.0,2.0,0.0,2.0,0.0,2.0,1.451,1.0,,9.0,,9.0,,9.0,0.197,2.0,99.306,2.0,20.4616,2.0,,,,,['I08N'],2019-12-05,2019-12-27,Akiko
844,48.0,1.0,32.0,,  I08N,1232.0,2.0,20191216.0,1246.0,-10.0001,79.9996,5383,199.0,15.7603,15.7632,2.0,34.601,2.0,34.6015,2.0,87.5,2.0,87.3,2.0,27.43,2.0,22.42,2.0,0.02,2.0,1.55,2.0,0.02,2.0,1.552,2.0,0.915,2.0,0.009,2.0,0.898,2.0,2161.3,2.0,2292.6,2.0,,9.0,0.03,2.0,49.7,2.0,447.4,2.0,0.0,2.0,0.0,2.0,1.47,1.0,,9.0,,9.0,,9.0,0.037,2.0,99.614,2.0,15.7632,2.0,,,,,['I08N'],2019-12-05,2019-12-27,Akiko
845,48.0,1.0,31.0,,  I08N,1231.0,2.0,20191216.0,1246.0,-10.0001,79.9996,5383,250.6,13.2183,13.2262,2.0,34.6752,2.0,34.6745,2.0,82.2,2.0,82.3,2.0,33.69,2.0,25.5,2.0,0.01,2.0,1.78,2.0,0.02,2.0,1.43,2.0,0.825,2.0,0.004,2.0,0.633,2.0,2192.1,2.0,2302.9,2.0,,9.0,0.01,2.0,43.5,2.0,411.5,2.0,0.0,2.0,0.0,2.0,1.485,1.0,,9.0,,9.0,,9.0,-0.004,2.0,99.665,2.0,13.2262,2.0,,,,,['I08N'],2019-12-05,2019-12-27,Akiko
846,48.0,1.0,30.0,,  I08N,1230.0,2.0,20191216.0,1246.0,-10.0001,79.9996,5383,300.4,11.8438,11.8488,2.0,34.7432,2.0,34.7415,2.0,80.4,2.0,81.1,2.0,35.52,2.0,27.29,2.0,0.02,2.0,1.91,3.0,0.03,2.0,1.399,2.0,0.785,2.0,0.013,2.0,0.549,2.0,2209.0,2.0,2308.3,2.0,,9.0,,9.0,50.1,2.0,428.1,2.0,0.0,2.0,0.0,2.0,1.492,1.0,,9.0,,9.0,,9.0,-0.002,2.0,99.677,2.0,11.8488,2.0,,,,,['I08N'],2019-12-05,2019-12-27,Akiko
847,48.0,1.0,29.0,,  I08N,1229.0,2.0,20191216.0,1246.0,-10.0001,79.9996,5383,400.4,10.1639,10.1569,2.0,34.8085,2.0,34.8043,2.0,107.0,2.0,106.3,2.0,29.34,2.0,27.69,4.0,0.02,2.0,1.87,3.0,0.04,2.0,1.685,2.0,0.913,2.0,0.031,2.0,0.571,2.0,2209.7,2.0,2310.4,2.0,,9.0,,9.0,48.5,2.0,435.9,2.0,0.0,2.0,0.0,2.0,1.424,1.0,,9.0,,9.0,,9.0,0.001,2.0,99.736,2.0,10.1569,2.0,,,,,['I08N'],2019-12-05,2019-12-27,Akiko
848,48.0,1.0,28.0,,  I08N,1228.0,2.0,20191216.0,1246.0,-10.0001,79.9996,5383,501.0,8.7018,8.7096,2.0,34.7519,2.0,34.7519,2.0,88.5,2.0,87.1,2.0,43.31,2.0,32.52,3.0,0.02,2.0,2.24,3.0,0.01,2.0,0.895,2.0,0.473,2.0,0.018,2.0,0.13,2.0,2238.1,2.0,2319.8,2.0,,9.0,,9.0,53.7,2.0,448.1,2.0,0.0,2.0,0.0,2.0,1.457,1.0,,9.0,,9.0,,9.0,0.001,2.0,99.76,2.0,8.7096,2.0,,,,,['I08N'],2019-12-05,2019-12-27,Akiko
849,48.0,1.0,27.0,,  I08N,1227.0,2.0,20191216.0,1246.0,-10.0001,79.9996,5383,600.2,7.8288,7.8462,2.0,34.7485,2.0,34.7454,2.0,75.1,2.0,74.8,2.0,57.7,2.0,34.49,2.0,0.01,2.0,2.44,2.0,0.02,2.0,0.416,2.0,0.225,2.0,0.008,2.0,0.097,2.0,2262.0,2.0,2333.6,2.0,,9.0,,9.0,49.2,2.0,452.0,2.0,0.0,2.0,0.0,2.0,1.503,1.0,,9.0,,9.0,,9.0,0.002,2.0,99.789,2.0,7.8462,2.0,,,,,['I08N'],2019-12-05,2019-12-27,Akiko
850,48.0,1.0,26.0,,  I08N,1226.0,2.0,20191216.0,1246.0,-10.0001,79.9996,5383,700.6,6.9972,6.9983,2.0,34.7245,2.0,34.7264,2.0,72.1,2.0,71.8,2.0,69.76,2.0,35.63,2.0,0.01,2.0,2.54,2.0,0.02,2.0,0.219,2.0,0.12,2.0,0.007,2.0,0.022,2.0,2276.6,6.0,2344.8,2.0,,9.0,,9.0,45.0,2.0,453.5,2.0,0.0,2.0,0.0,2.0,1.531,1.0,,9.0,,9.0,,9.0,0.0,2.0,99.817,2.0,6.9983,2.0,,,,,['I08N'],2019-12-05,2019-12-27,Akiko
851,48.0,1.0,25.0,,  I08N,1225.0,2.0,20191216.0,1246.0,-10.0001,79.9996,5383,799.6,6.3636,6.3633,2.0,34.7004,2.0,34.703,2.0,74.2,2.0,74.0,2.0,79.36,2.0,36.21,2.0,0.01,2.0,2.6,2.0,0.04,2.0,0.073,2.0,0.037,2.0,0.002,2.0,0.025,2.0,2289.5,2.0,2355.6,2.0,,9.0,,9.0,45.2,2.0,437.4,2.0,0.0,2.0,0.0,2.0,1.541,1.0,,9.0,,9.0,,9.0,0.001,2.0,99.823,2.0,6.3633,2.0,,,,,['I08N'],2019-12-05,2019-12-27,Akiko
852,48.0,1.0,24.0,,  I08N,1224.0,2.0,20191216.0,1246.0,-10.0001,79.9996,5383,901.6,5.9281,5.9287,2.0,34.7094,2.0,34.718,2.0,76.7,2.0,76.3,2.0,85.42,2.0,36.68,2.0,0.01,2.0,2.64,2.0,0.03,2.0,0.102,2.0,0.054,2.0,0.006,2.0,0.019,2.0,2292.7,2.0,2361.5,2.0,,9.0,,9.0,46.1,2.0,456.6,2.0,0.0,2.0,0.0,2.0,1.547,1.0,,9.0,,9.0,,9.0,0.001,2.0,99.846,2.0,5.9287,2.0,,,,,['I08N'],2019-12-05,2019-12-27,Akiko
853,48.0,1.0,23.0,,  I08N,1223.0,2.0,20191216.0,1246.0,-10.0001,79.9996,5383,1000.0,5.526,5.5252,2.0,34.7265,2.0,34.7257,2.0,79.4,2.0,79.6,2.0,91.01,2.0,36.8,2.0,0.01,2.0,2.65,2.0,0.02,2.0,0.137,2.0,0.076,2.0,0.0,2.0,0.028,2.0,2301.6,2.0,2364.9,2.0,,9.0,,9.0,48.5,2.0,454.5,2.0,0.0,2.0,0.0,2.0,1.545,1.0,,9.0,,9.0,,9.0,0.001,2.0,99.848,2.0,5.5252,2.0,,,,,['I08N'],2019-12-05,2019-12-27,Akiko
854,48.0,1.0,22.0,,  I08N,1222.0,2.0,20191216.0,1246.0,-10.0001,79.9996,5383,1200.6,4.9471,4.9493,2.0,34.7515,2.0,34.7508,2.0,85.8,2.0,85.9,2.0,96.83,2.0,36.94,2.0,0.01,2.0,2.66,2.0,0.02,2.0,0.035,2.0,0.017,2.0,0.0,2.0,0.026,2.0,2304.4,2.0,2374.0,6.0,,9.0,,9.0,54.6,2.0,467.7,2.0,0.0,2.0,0.0,2.0,1.561,1.0,,9.0,,9.0,,9.0,0.0,2.0,99.857,2.0,4.9493,2.0,,,,,['I08N'],2019-12-05,2019-12-27,Akiko
855,48.0,1.0,21.0,,  I08N,1221.0,2.0,20191216.0,1246.0,-10.0001,79.9996,5383,1398.4,4.3488,4.3488,2.0,34.7624,2.0,34.7601,2.0,97.5,2.0,97.8,2.0,101.43,2.0,36.61,2.0,0.01,2.0,2.64,2.0,0.03,2.0,0.022,2.0,0.01,2.0,0.002,2.0,0.011,2.0,2308.7,2.0,2378.1,2.0,,9.0,,9.0,50.5,2.0,455.5,2.0,0.0,2.0,0.0,2.0,1.549,1.0,,9.0,,9.0,,9.0,0.0,2.0,99.861,2.0,4.3488,2.0,,,,,['I08N'],2019-12-05,2019-12-27,Akiko
856,48.0,1.0,20.0,,  I08N,1220.0,2.0,20191216.0,1246.0,-10.0001,79.9996,5383,1599.6,3.6094,3.6103,2.0,34.756,2.0,34.7546,2.0,113.6,2.0,113.8,2.0,107.3,2.0,36.15,2.0,0.01,2.0,2.58,2.0,0.03,2.0,0.012,2.0,0.004,2.0,0.001,2.0,0.006,2.0,2308.1,2.0,2385.9,2.0,,9.0,,9.0,48.4,2.0,467.9,2.0,0.0,2.0,0.0,2.0,1.539,1.0,,9.0,,9.0,,9.0,0.0,2.0,99.871,2.0,3.6103,2.0,,,,,['I08N'],2019-12-05,2019-12-27,Akiko
857,48.0,1.0,19.0,,  I08N,1219.0,2.0,20191216.0,1246.0,-10.0001,79.9996,5383,1800.5,3.0153,3.0151,2.0,34.7513,2.0,34.7511,2.0,128.0,2.0,128.2,2.0,112.78,2.0,35.67,2.0,0.01,2.0,2.52,2.0,0.03,2.0,0.01,2.0,0.004,2.0,0.005,2.0,0.007,2.0,2309.1,2.0,2388.8,2.0,,9.0,,9.0,,9.0,,9.0,0.0,2.0,0.0,2.0,1.526,1.0,,9.0,,9.0,,9.0,0.0,2.0,99.88,2.0,3.0151,2.0,,,,,['I08N'],2019-12-05,2019-12-27,Akiko
858,48.0,1.0,18.0,,  I08N,1218.0,2.0,20191216.0,1246.0,-10.0001,79.9996,5383,1999.5,2.5872,2.589,2.0,34.747,2.0,34.7467,2.0,139.4,2.0,139.6,2.0,117.18,2.0,35.3,2.0,0.01,2.0,2.48,2.0,0.02,2.0,0.012,2.0,0.004,2.0,0.0,2.0,0.014,2.0,2305.2,2.0,2393.8,2.0,,9.0,,9.0,,9.0,,9.0,0.0,2.0,0.0,2.0,1.511,1.0,,9.0,,9.0,,9.0,0.0,2.0,99.878,2.0,2.589,2.0,,,,,['I08N'],2019-12-05,2019-12-27,Akiko
859,48.0,1.0,17.0,,  I08N,1217.0,2.0,20191216.0,1246.0,-10.0001,79.9996,5383,2199.1,2.2918,2.2923,2.0,34.7422,2.0,34.7414,2.0,148.5,2.0,148.7,2.0,119.67,2.0,34.88,2.0,0.01,2.0,2.45,2.0,0.02,2.0,0.011,2.0,0.003,2.0,0.002,2.0,0.0,2.0,2304.7,2.0,2393.2,2.0,,9.0,,9.0,,9.0,,9.0,0.0,2.0,0.0,2.0,1.491,1.0,,9.0,,9.0,,9.0,0.0,2.0,99.89,2.0,2.2923,2.0,,,,,['I08N'],2019-12-05,2019-12-27,Akiko
860,48.0,1.0,16.0,,  I08N,1216.0,2.0,20191216.0,1246.0,-10.0001,79.9996,5383,2397.8,2.0852,2.0853,2.0,34.739,2.0,34.7388,2.0,154.9,2.0,154.9,2.0,121.85,2.0,34.55,2.0,0.01,2.0,2.42,2.0,0.02,2.0,0.012,2.0,0.003,2.0,0.002,2.0,0.027,2.0,2303.8,6.0,2398.4,2.0,,9.0,,9.0,,9.0,,9.0,0.0,2.0,0.0,2.0,1.478,1.0,,9.0,,9.0,,9.0,-0.001,2.0,99.876,2.0,2.0853,2.0,,,,,['I08N'],2019-12-05,2019-12-27,Akiko
861,48.0,1.0,15.0,,  I08N,1215.0,2.0,20191216.0,1246.0,-10.0001,79.9996,5383,2597.9,1.9388,1.9392,2.0,34.7356,2.0,34.7352,2.0,159.2,2.0,159.2,2.0,123.63,2.0,34.28,2.0,0.01,2.0,2.4,2.0,0.02,2.0,0.011,2.0,0.004,2.0,0.005,2.0,0.001,2.0,2302.8,2.0,2400.4,2.0,,9.0,,9.0,,9.0,,9.0,0.0,2.0,0.0,2.0,1.478,1.0,,9.0,,9.0,,9.0,-0.001,2.0,99.878,2.0,1.9392,2.0,,,,,['I08N'],2019-12-05,2019-12-27,Akiko
862,48.0,1.0,14.0,,  I08N,1214.0,2.0,20191216.0,1246.0,-10.0001,79.9996,5383,2800.9,1.8331,1.8327,2.0,34.7322,2.0,34.7317,2.0,162.9,2.0,163.4,2.0,124.72,2.0,34.1,2.0,0.01,2.0,2.37,2.0,0.04,2.0,0.011,2.0,0.004,2.0,0.001,2.0,0.003,2.0,2299.8,2.0,2400.7,2.0,,9.0,,9.0,,9.0,,9.0,0.0,2.0,0.0,2.0,1.468,1.0,,9.0,,9.0,,9.0,0.0,2.0,99.886,2.0,1.8327,2.0,,,,,['I08N'],2019-12-05,2019-12-27,Akiko
863,48.0,1.0,13.0,,  I08N,1213.0,2.0,20191216.0,1246.0,-10.0001,79.9996,5383,2999.5,1.7321,1.7318,2.0,34.7293,2.0,34.7286,2.0,166.0,2.0,166.1,2.0,126.99,2.0,34.2,2.0,0.01,2.0,2.37,2.0,0.03,2.0,0.0,2.0,0.0,2.0,0.003,2.0,0.001,2.0,2304.9,2.0,2404.5,2.0,,9.0,,9.0,,9.0,,9.0,0.0,2.0,0.0,2.0,1.473,1.0,,9.0,,9.0,,9.0,-0.001,2.0,99.888,2.0,1.7318,2.0,,,,,['I08N'],2019-12-05,2019-12-27,Akiko
864,48.0,1.0,12.0,,  I08N,1212.0,2.0,20191216.0,1246.0,-10.0001,79.9996,5383,3252.5,1.605,1.6048,2.0,34.7254,2.0,34.7246,2.0,169.0,2.0,169.3,2.0,129.92,2.0,34.17,2.0,0.01,2.0,2.36,2.0,0.03,2.0,0.011,2.0,0.003,2.0,0.001,2.0,0.009,2.0,2302.5,2.0,2407.6,6.0,,9.0,,9.0,,9.0,,9.0,0.0,2.0,0.0,2.0,1.469,1.0,,9.0,,9.0,,9.0,-0.001,2.0,99.888,2.0,1.6048,2.0,,,,,['I08N'],2019-12-05,2019-12-27,Akiko
865,48.0,1.0,11.0,,  I08N,1211.0,2.0,20191216.0,1246.0,-10.0001,79.9996,5383,3499.9,1.4955,1.4957,2.0,34.7222,2.0,34.7227,2.0,172.3,2.0,172.3,2.0,131.81,2.0,34.16,2.0,0.01,2.0,2.36,2.0,0.03,2.0,0.011,2.0,0.004,2.0,0.001,2.0,0.02,2.0,2302.6,2.0,2409.0,2.0,,9.0,,9.0,,9.0,,9.0,0.0,2.0,0.0,2.0,1.463,1.0,,9.0,,9.0,,9.0,-0.001,2.0,99.886,2.0,1.4957,2.0,,,,,['I08N'],2019-12-05,2019-12-27,Akiko
866,48.0,1.0,10.0,,  I08N,1210.0,2.0,20191216.0,1246.0,-10.0001,79.9996,5383,3749.1,1.3882,1.3882,2.0,34.7192,2.0,34.7195,2.0,178.0,2.0,177.7,2.0,132.01,2.0,33.89,2.0,0.01,2.0,2.34,2.0,0.03,2.0,0.012,2.0,0.005,2.0,0.004,2.0,0.031,2.0,2298.9,2.0,2409.0,2.0,,9.0,,9.0,,9.0,,9.0,0.0,2.0,0.0,2.0,1.446,1.0,,9.0,,9.0,,9.0,-0.001,2.0,99.909,2.0,1.3882,2.0,,,,,['I08N'],2019-12-05,2019-12-27,Akiko
867,48.0,1.0,9.0,,  I08N,1209.0,2.0,20191216.0,1246.0,-10.0001,79.9996,5383,3999.0,1.3541,1.3541,2.0,34.7177,2.0,34.7182,2.0,179.5,2.0,179.4,2.0,133.31,2.0,33.86,2.0,0.01,2.0,2.33,2.0,0.01,2.0,0.011,2.0,0.004,2.0,0.002,2.0,0.017,2.0,2301.4,3.0,2410.3,2.0,,9.0,,9.0,,9.0,,9.0,0.0,2.0,0.0,2.0,1.425,1.0,,9.0,,9.0,,9.0,0.0,2.0,99.897,2.0,1.3541,2.0,,,,,['I08N'],2019-12-05,2019-12-27,Akiko
868,48.0,1.0,8.0,,  I08N,12103.0,2.0,20191216.0,1246.0,-10.0001,79.9996,5383,4250.4,1.3546,1.3546,2.0,34.7171,2.0,34.7179,2.0,181.3,2.0,181.2,2.0,133.47,2.0,33.85,2.0,0.01,2.0,2.32,2.0,0.01,2.0,0.014,2.0,0.007,2.0,0.0,2.0,0.026,2.0,2299.0,6.0,2409.6,2.0,,9.0,,9.0,,9.0,,9.0,0.0,2.0,0.0,2.0,1.437,1.0,,9.0,,9.0,,9.0,-0.001,2.0,99.899,2.0,1.3546,2.0,,,,,['I08N'],2019-12-05,2019-12-27,Akiko
869,48.0,1.0,7.0,,  I08N,1207.0,2.0,20191216.0,1246.0,-10.0001,79.9996,5383,4499.6,1.3667,1.3668,2.0,34.7169,2.0,34.7168,2.0,181.9,2.0,181.6,2.0,133.31,2.0,33.81,2.0,0.01,2.0,2.32,2.0,0.01,2.0,0.013,2.0,0.004,2.0,0.005,2.0,0.0,2.0,2298.0,2.0,2410.2,2.0,,9.0,,9.0,,9.0,,9.0,0.0,2.0,0.0,2.0,1.425,1.0,,9.0,,9.0,,9.0,0.001,2.0,99.897,2.0,1.3668,2.0,,,,,['I08N'],2019-12-05,2019-12-27,Akiko
870,48.0,1.0,6.0,,  I08N,1206.0,2.0,20191216.0,1246.0,-10.0001,79.9996,5383,4752.7,1.3866,1.3866,2.0,34.7166,2.0,34.7164,2.0,182.4,2.0,182.3,2.0,132.95,2.0,33.8,2.0,0.01,2.0,2.32,2.0,0.01,2.0,0.013,2.0,0.006,2.0,0.006,2.0,0.011,2.0,2296.2,2.0,2408.6,6.0,,9.0,,9.0,,9.0,,9.0,0.0,2.0,0.0,2.0,1.449,1.0,,9.0,,9.0,,9.0,-0.001,2.0,99.897,2.0,1.3866,2.0,,,,,['I08N'],2019-12-05,2019-12-27,Akiko
871,48.0,1.0,5.0,,  I08N,1205.0,2.0,20191216.0,1246.0,-10.0001,79.9996,5383,5001.5,1.4105,1.4106,2.0,34.7165,2.0,34.7166,2.0,182.8,2.0,182.7,2.0,132.91,2.0,33.69,2.0,0.01,2.0,2.32,2.0,0.01,2.0,0.013,2.0,0.006,2.0,0.006,2.0,0.031,2.0,2297.7,2.0,2406.3,2.0,,9.0,,9.0,,9.0,,9.0,0.0,2.0,0.0,2.0,1.444,1.0,,9.0,,9.0,,9.0,-0.001,2.0,99.892,2.0,1.4106,2.0,,,,,['I08N'],2019-12-05,2019-12-27,Akiko
872,48.0,1.0,4.0,,  I08N,1204.0,2.0,20191216.0,1246.0,-10.0001,79.9996,5383,5250.3,1.4372,1.4373,2.0,34.7165,2.0,34.7165,2.0,183.1,2.0,183.1,2.0,132.6,2.0,33.69,2.0,0.01,2.0,2.32,2.0,0.01,2.0,0.012,2.0,0.003,2.0,0.001,2.0,0.001,2.0,2296.9,2.0,2407.5,2.0,,9.0,,9.0,,9.0,,9.0,0.0,2.0,0.0,2.0,1.448,1.0,,9.0,,9.0,,9.0,-0.001,2.0,99.892,2.0,1.4373,2.0,,,,,['I08N'],2019-12-05,2019-12-27,Akiko
873,48.0,1.0,2.0,,  I08N,12046.0,2.0,20191216.0,1246.0,-10.0001,79.9996,5383,112.3,27.3292,27.3308,2.0,34.7558,2.0,34.7608,2.0,193.5,2.0,192.8,2.0,2.27,2.0,0.25,2.0,0.04,2.0,0.15,2.0,0.04,2.0,,9.0,,9.0,,9.0,,9.0,1967.4,2.0,2281.3,2.0,,9.0,0.37,2.0,43.4,2.0,285.6,2.0,0.0,2.0,0.0,2.0,1.202,1.0,,9.0,,9.0,,9.0,0.39,2.0,98.737,2.0,27.3308,2.0,,,,,['I08N'],2019-12-05,2019-12-27,Akiko
874,48.0,1.0,1.0,,  I08N,1201.0,2.0,20191216.0,1246.0,-10.0001,79.9996,5383,5457.9,1.4631,1.4631,2.0,34.7166,2.0,34.7161,2.0,183.0,2.0,182.9,2.0,132.39,2.0,33.65,2.0,0.01,2.0,2.31,2.0,0.02,2.0,0.016,2.0,0.006,2.0,0.006,2.0,0.001,2.0,2296.2,2.0,2407.4,2.0,,9.0,,9.0,,9.0,,9.0,0.0,2.0,0.0,2.0,1.439,1.0,,9.0,,9.0,,9.0,0.0,2.0,99.869,2.0,1.4631,2.0,,,,,['I08N'],2019-12-05,2019-12-27,Akiko
875,49.0,1.0,36.0,,  I08N,1236.0,2.0,20191216.0,1928.0,-10.4999,80.0002,5368,10.8,27.8511,27.8507,2.0,34.5529,2.0,,9.0,201.7,2.0,,9.0,,9.0,,9.0,,9.0,,9.0,,9.0,,9.0,,9.0,,9.0,,9.0,,9.0,,9.0,,9.0,,9.0,,9.0,,9.0,0.0,2.0,0.0,2.0,1.113,1.0,,9.0,,9.0,,9.0,0.049,2.0,98.693,2.0,27.8507,2.0,,,,,['I08N'],2019-12-05,2019-12-27,Akiko
876,49.0,1.0,35.0,,  I08N,1235.0,2.0,20191216.0,1928.0,-10.4999,80.0002,5368,10.7,27.8522,27.8509,2.0,34.5529,2.0,,9.0,201.5,2.0,,9.0,,9.0,,9.0,,9.0,,9.0,,9.0,,9.0,,9.0,,9.0,,9.0,,9.0,,9.0,,9.0,,9.0,,9.0,,9.0,0.0,2.0,0.0,2.0,1.127,1.0,,9.0,,9.0,,9.0,0.046,2.0,98.693,2.0,27.8509,2.0,,,,,['I08N'],2019-12-05,2019-12-27,Akiko
877,49.0,1.0,34.0,,  I08N,1234.0,2.0,20191216.0,1928.0,-10.4999,80.0002,5368,10.4,27.856,27.8559,2.0,34.5532,2.0,,9.0,201.6,2.0,,9.0,,9.0,,9.0,,9.0,,9.0,,9.0,,9.0,,9.0,,9.0,,9.0,,9.0,,9.0,,9.0,,9.0,,9.0,,9.0,0.0,2.0,0.0,2.0,1.119,1.0,,9.0,,9.0,,9.0,0.056,2.0,98.686,2.0,27.8559,2.0,,,,,['I08N'],2019-12-05,2019-12-27,Akiko
878,49.0,1.0,33.0,,  I08N,1233.0,2.0,20191216.0,1928.0,-10.4999,80.0002,5368,10.4,27.8514,27.8556,2.0,34.553,2.0,,9.0,201.7,2.0,,9.0,,9.0,,9.0,,9.0,,9.0,,9.0,,9.0,,9.0,,9.0,,9.0,,9.0,,9.0,,9.0,,9.0,,9.0,,9.0,0.0,2.0,0.0,2.0,1.122,1.0,,9.0,,9.0,,9.0,0.056,2.0,98.722,2.0,27.8556,2.0,,,,,['I08N'],2019-12-05,2019-12-27,Akiko
879,49.0,1.0,32.0,,  I08N,1232.0,2.0,20191216.0,1928.0,-10.4999,80.0002,5368,50.3,27.8069,27.8043,2.0,34.5694,2.0,,9.0,201.6,2.0,,9.0,,9.0,,9.0,,9.0,,9.0,,9.0,,9.0,,9.0,,9.0,,9.0,,9.0,,9.0,,9.0,,9.0,,9.0,,9.0,0.0,2.0,0.0,2.0,1.105,1.0,,9.0,,9.0,,9.0,0.078,2.0,98.691,2.0,27.8043,2.0,,,,,['I08N'],2019-12-05,2019-12-27,Akiko
880,49.0,1.0,31.0,,  I08N,1231.0,2.0,20191216.0,1928.0,-10.4999,80.0002,5368,50.3,27.8123,27.8095,2.0,34.5783,2.0,,9.0,201.6,2.0,,9.0,,9.0,,9.0,,9.0,,9.0,,9.0,,9.0,,9.0,,9.0,,9.0,,9.0,,9.0,,9.0,,9.0,,9.0,,9.0,0.0,2.0,0.0,2.0,1.101,1.0,,9.0,,9.0,,9.0,0.086,2.0,98.693,2.0,27.8095,2.0,,,,,['I08N'],2019-12-05,2019-12-27,Akiko
881,49.0,1.0,30.0,,  I08N,1230.0,2.0,20191216.0,1928.0,-10.4999,80.0002,5368,50.3,27.815,27.8094,2.0,34.585,2.0,,9.0,201.8,2.0,,9.0,,9.0,,9.0,,9.0,,9.0,,9.0,,9.0,,9.0,,9.0,,9.0,,9.0,,9.0,,9.0,,9.0,,9.0,,9.0,0.0,2.0,0.0,2.0,1.117,1.0,,9.0,,9.0,,9.0,0.086,2.0,98.714,2.0,27.8094,2.0,,,,,['I08N'],2019-12-05,2019-12-27,Akiko
882,49.0,1.0,29.0,,  I08N,1229.0,2.0,20191216.0,1928.0,-10.4999,80.0002,5368,50.3,27.827,27.8216,2.0,34.6122,2.0,,9.0,201.8,2.0,,9.0,,9.0,,9.0,,9.0,,9.0,,9.0,,9.0,,9.0,,9.0,,9.0,,9.0,,9.0,,9.0,,9.0,,9.0,,9.0,0.0,2.0,0.0,2.0,1.102,1.0,,9.0,,9.0,,9.0,0.085,2.0,98.705,2.0,27.8216,2.0,,,,,['I08N'],2019-12-05,2019-12-27,Akiko
883,49.0,1.0,28.0,,  I08N,1228.0,2.0,20191216.0,1928.0,-10.4999,80.0002,5368,100.4,27.832,27.8306,2.0,34.8197,2.0,,9.0,198.2,2.0,,9.0,,9.0,,9.0,,9.0,,9.0,,9.0,,9.0,,9.0,,9.0,,9.0,,9.0,,9.0,,9.0,,9.0,,9.0,,9.0,0.0,2.0,0.0,2.0,1.12,1.0,,9.0,,9.0,,9.0,0.275,2.0,98.882,2.0,27.8306,2.0,,,,,['I08N'],2019-12-05,2019-12-27,Akiko
884,49.0,1.0,27.0,,  I08N,1227.0,2.0,20191216.0,1928.0,-10.4999,80.0002,5368,101.0,27.8382,27.8358,2.0,34.8195,2.0,,9.0,198.1,2.0,,9.0,,9.0,,9.0,,9.0,,9.0,,9.0,,9.0,,9.0,,9.0,,9.0,,9.0,,9.0,,9.0,,9.0,,9.0,,9.0,0.0,2.0,0.0,2.0,1.112,1.0,,9.0,,9.0,,9.0,0.279,2.0,98.893,2.0,27.8358,2.0,,,,,['I08N'],2019-12-05,2019-12-27,Akiko
885,49.0,1.0,26.0,,  I08N,1226.0,2.0,20191216.0,1928.0,-10.4999,80.0002,5368,100.4,27.8291,27.8306,2.0,34.8198,2.0,,9.0,197.8,2.0,,9.0,,9.0,,9.0,,9.0,,9.0,,9.0,,9.0,,9.0,,9.0,,9.0,,9.0,,9.0,,9.0,,9.0,,9.0,,9.0,0.0,2.0,0.0,2.0,1.12,1.0,,9.0,,9.0,,9.0,0.287,2.0,98.91,2.0,27.8306,2.0,,,,,['I08N'],2019-12-05,2019-12-27,Akiko
886,49.0,1.0,25.0,,  I08N,1225.0,2.0,20191216.0,1928.0,-10.4999,80.0002,5368,100.1,27.8086,27.8122,2.0,34.8201,2.0,,9.0,197.5,2.0,,9.0,,9.0,,9.0,,9.0,,9.0,,9.0,,9.0,,9.0,,9.0,,9.0,,9.0,,9.0,,9.0,,9.0,,9.0,,9.0,0.0,2.0,0.0,2.0,1.109,1.0,,9.0,,9.0,,9.0,0.299,2.0,98.925,2.0,27.8122,2.0,,,,,['I08N'],2019-12-05,2019-12-27,Akiko
887,49.0,1.0,24.0,,  I08N,1224.0,2.0,20191216.0,1928.0,-10.4999,80.0002,5368,199.5,15.8299,15.8308,2.0,34.6252,2.0,,9.0,84.2,2.0,,9.0,,9.0,,9.0,,9.0,,9.0,,9.0,,9.0,,9.0,,9.0,,9.0,,9.0,,9.0,,9.0,,9.0,,9.0,,9.0,0.0,2.0,0.0,2.0,1.457,1.0,,9.0,,9.0,,9.0,0.033,2.0,99.631,2.0,15.8308,2.0,,,,,['I08N'],2019-12-05,2019-12-27,Akiko
888,49.0,1.0,23.0,,  I08N,1223.0,2.0,20191216.0,1928.0,-10.4999,80.0002,5368,199.5,15.8268,15.8281,2.0,34.6248,2.0,,9.0,84.2,2.0,,9.0,,9.0,,9.0,,9.0,,9.0,,9.0,,9.0,,9.0,,9.0,,9.0,,9.0,,9.0,,9.0,,9.0,,9.0,,9.0,0.0,2.0,0.0,2.0,1.468,1.0,,9.0,,9.0,,9.0,0.038,2.0,99.639,2.0,15.8281,2.0,,,,,['I08N'],2019-12-05,2019-12-27,Akiko
889,49.0,1.0,22.0,,  I08N,1222.0,2.0,20191216.0,1928.0,-10.4999,80.0002,5368,199.9,15.8275,15.8255,2.0,34.6248,2.0,,9.0,84.1,2.0,,9.0,,9.0,,9.0,,9.0,,9.0,,9.0,,9.0,,9.0,,9.0,,9.0,,9.0,,9.0,,9.0,,9.0,,9.0,,9.0,0.0,2.0,0.0,2.0,1.479,1.0,,9.0,,9.0,,9.0,0.033,2.0,99.642,2.0,15.8255,2.0,,,,,['I08N'],2019-12-05,2019-12-27,Akiko
890,49.0,1.0,21.0,,  I08N,1221.0,2.0,20191216.0,1928.0,-10.4999,80.0002,5368,199.5,15.8335,15.8322,2.0,34.625,2.0,,9.0,84.1,2.0,,9.0,,9.0,,9.0,,9.0,,9.0,,9.0,,9.0,,9.0,,9.0,,9.0,,9.0,,9.0,,9.0,,9.0,,9.0,,9.0,0.0,2.0,0.0,2.0,1.47,1.0,,9.0,,9.0,,9.0,0.045,2.0,99.642,2.0,15.8322,2.0,,,,,['I08N'],2019-12-05,2019-12-27,Akiko
891,49.0,1.0,20.0,,  I08N,1220.0,2.0,20191216.0,1928.0,-10.4999,80.0002,5368,428.3,9.3993,9.3994,2.0,34.7449,2.0,,9.0,99.6,2.0,,9.0,,9.0,,9.0,,9.0,,9.0,,9.0,,9.0,,9.0,,9.0,,9.0,,9.0,,9.0,,9.0,,9.0,,9.0,,9.0,0.0,2.0,0.0,2.0,1.431,1.0,,9.0,,9.0,,9.0,0.002,2.0,99.736,2.0,9.3994,2.0,,,,,['I08N'],2019-12-05,2019-12-27,Akiko
892,49.0,1.0,19.0,,  I08N,1219.0,2.0,20191216.0,1928.0,-10.4999,80.0002,5368,427.8,9.3978,9.3978,2.0,34.745,2.0,,9.0,99.5,2.0,,9.0,,9.0,,9.0,,9.0,,9.0,,9.0,,9.0,,9.0,,9.0,,9.0,,9.0,,9.0,,9.0,,9.0,,9.0,,9.0,0.0,2.0,0.0,2.0,1.432,1.0,,9.0,,9.0,,9.0,0.002,2.0,99.745,2.0,9.3978,2.0,,,,,['I08N'],2019-12-05,2019-12-27,Akiko
893,49.0,1.0,18.0,,  I08N,1218.0,2.0,20191216.0,1928.0,-10.4999,80.0002,5368,428.3,9.4035,9.4025,2.0,34.7451,2.0,,9.0,99.6,2.0,,9.0,,9.0,,9.0,,9.0,,9.0,,9.0,,9.0,,9.0,,9.0,,9.0,,9.0,,9.0,,9.0,,9.0,,9.0,,9.0,0.0,2.0,0.0,2.0,1.431,1.0,,9.0,,9.0,,9.0,0.002,2.0,99.753,2.0,9.4025,2.0,,,,,['I08N'],2019-12-05,2019-12-27,Akiko
894,49.0,1.0,17.0,,  I08N,1217.0,2.0,20191216.0,1928.0,-10.4999,80.0002,5368,428.6,9.4055,9.4042,2.0,34.745,2.0,,9.0,99.6,2.0,,9.0,,9.0,,9.0,,9.0,,9.0,,9.0,,9.0,,9.0,,9.0,,9.0,,9.0,,9.0,,9.0,,9.0,,9.0,,9.0,0.0,2.0,0.0,2.0,1.429,1.0,,9.0,,9.0,,9.0,0.002,2.0,99.755,2.0,9.4042,2.0,,,,,['I08N'],2019-12-05,2019-12-27,Akiko
895,49.0,1.0,16.0,,  I08N,1216.0,2.0,20191216.0,1928.0,-10.4999,80.0002,5368,627.8,7.843,7.843,2.0,34.7604,2.0,,9.0,76.1,2.0,,9.0,,9.0,,9.0,,9.0,,9.0,,9.0,,9.0,,9.0,,9.0,,9.0,,9.0,,9.0,,9.0,,9.0,,9.0,,9.0,0.0,2.0,0.0,2.0,1.495,1.0,,9.0,,9.0,,9.0,0.001,2.0,99.804,2.0,7.843,2.0,,,,,['I08N'],2019-12-05,2019-12-27,Akiko
896,49.0,1.0,15.0,,  I08N,1215.0,2.0,20191216.0,1928.0,-10.4999,80.0002,5368,628.0,7.8467,7.8474,2.0,34.7618,2.0,,9.0,76.1,2.0,,9.0,,9.0,,9.0,,9.0,,9.0,,9.0,,9.0,,9.0,,9.0,,9.0,,9.0,,9.0,,9.0,,9.0,,9.0,,9.0,0.0,2.0,0.0,2.0,1.489,1.0,,9.0,,9.0,,9.0,0.002,2.0,99.806,2.0,7.8474,2.0,,,,,['I08N'],2019-12-05,2019-12-27,Akiko
897,49.0,1.0,14.0,,  I08N,1214.0,2.0,20191216.0,1928.0,-10.4999,80.0002,5368,627.6,7.843,7.844,2.0,34.7605,2.0,,9.0,76.0,2.0,,9.0,,9.0,,9.0,,9.0,,9.0,,9.0,,9.0,,9.0,,9.0,,9.0,,9.0,,9.0,,9.0,,9.0,,9.0,,9.0,0.0,2.0,0.0,2.0,1.498,1.0,,9.0,,9.0,,9.0,0.001,2.0,99.798,2.0,7.844,2.0,,,,,['I08N'],2019-12-05,2019-12-27,Akiko
898,49.0,1.0,13.0,,  I08N,1213.0,2.0,20191216.0,1928.0,-10.4999,80.0002,5368,627.9,7.8413,7.8414,2.0,34.76,2.0,,9.0,76.0,2.0,,9.0,,9.0,,9.0,,9.0,,9.0,,9.0,,9.0,,9.0,,9.0,,9.0,,9.0,,9.0,,9.0,,9.0,,9.0,,9.0,0.0,2.0,0.0,2.0,1.493,1.0,,9.0,,9.0,,9.0,0.001,2.0,99.808,2.0,7.8414,2.0,,,,,['I08N'],2019-12-05,2019-12-27,Akiko
899,49.0,1.0,12.0,,  I08N,1212.0,2.0,20191216.0,1928.0,-10.4999,80.0002,5368,829.9,6.2765,6.2784,2.0,34.6924,2.0,,9.0,75.3,2.0,,9.0,,9.0,,9.0,,9.0,,9.0,,9.0,,9.0,,9.0,,9.0,,9.0,,9.0,,9.0,,9.0,,9.0,,9.0,,9.0,0.0,2.0,0.0,2.0,1.537,1.0,,9.0,,9.0,,9.0,0.001,2.0,99.85,2.0,6.2784,2.0,,,,,['I08N'],2019-12-05,2019-12-27,Akiko
900,49.0,1.0,11.0,,  I08N,1211.0,2.0,20191216.0,1928.0,-10.4999,80.0002,5368,830.6,6.2876,6.2905,2.0,34.6936,2.0,,9.0,75.3,2.0,,9.0,,9.0,,9.0,,9.0,,9.0,,9.0,,9.0,,9.0,,9.0,,9.0,,9.0,,9.0,,9.0,,9.0,,9.0,,9.0,0.0,2.0,0.0,2.0,1.539,1.0,,9.0,,9.0,,9.0,0.001,2.0,99.857,2.0,6.2905,2.0,,,,,['I08N'],2019-12-05,2019-12-27,Akiko
901,49.0,1.0,10.0,,  I08N,1210.0,2.0,20191216.0,1928.0,-10.4999,80.0002,5368,830.2,6.2574,6.2663,2.0,34.6902,2.0,,9.0,75.5,2.0,,9.0,,9.0,,9.0,,9.0,,9.0,,9.0,,9.0,,9.0,,9.0,,9.0,,9.0,,9.0,,9.0,,9.0,,9.0,,9.0,0.0,2.0,0.0,2.0,1.534,1.0,,9.0,,9.0,,9.0,0.001,2.0,99.844,2.0,6.2663,2.0,,,,,['I08N'],2019-12-05,2019-12-27,Akiko
902,49.0,1.0,9.0,,  I08N,1209.0,2.0,20191216.0,1928.0,-10.4999,80.0002,5368,829.1,6.2119,6.2194,2.0,34.6866,2.0,,9.0,75.9,2.0,,9.0,,9.0,,9.0,,9.0,,9.0,,9.0,,9.0,,9.0,,9.0,,9.0,,9.0,,9.0,,9.0,,9.0,,9.0,,9.0,0.0,2.0,0.0,2.0,1.529,1.0,,9.0,,9.0,,9.0,0.001,2.0,99.85,2.0,6.2194,2.0,,,,,['I08N'],2019-12-05,2019-12-27,Akiko
903,50.0,1.0,36.0,,  I08N,1236.0,2.0,20191217.0,123.0,-11.0,79.9972,5347,10.4,28.1003,28.0997,2.0,34.682,2.0,34.682,2.0,199.6,2.0,199.5,2.0,1.85,2.0,0.01,2.0,0.0,2.0,0.09,2.0,0.02,2.0,1.405,2.0,0.914,2.0,0.129,2.0,1.531,2.0,1958.7,2.0,2274.6,2.0,71.6,2.0,0.06,2.0,,9.0,,9.0,680.206,2.0,680.206,2.0,1.046,1.0,0.147,2.0,0.068,2.0,0.005,2.0,0.024,2.0,98.735,2.0,28.0997,2.0,,,,,['I08N'],2019-12-05,2019-12-27,Akiko
904,50.0,1.0,35.0,,  I08N,1235.0,2.0,20191217.0,123.0,-11.0,79.9972,5347,49.8,28.0984,28.0982,2.0,34.7241,2.0,34.7234,2.0,199.4,2.0,199.4,2.0,1.85,2.0,0.05,2.0,0.01,2.0,0.09,2.0,0.03,2.0,1.462,2.0,0.921,2.0,0.121,2.0,1.568,2.0,1958.1,2.0,2277.1,2.0,69.3,2.0,0.08,2.0,,9.0,,9.0,136.826,2.0,136.826,2.0,1.097,1.0,0.167,2.0,0.083,2.0,0.009,2.0,0.069,2.0,98.76,2.0,28.0982,2.0,,,,,['I08N'],2019-12-05,2019-12-27,Akiko
905,50.0,1.0,34.0,,  I08N,1234.0,2.0,20191217.0,123.0,-11.0,79.9972,5347,99.4,28.0442,28.0439,2.0,34.8022,2.0,34.8001,2.0,198.2,2.0,198.5,2.0,1.88,2.0,0.03,2.0,0.0,2.0,0.1,2.0,0.04,2.0,1.453,2.0,0.919,2.0,0.115,2.0,1.564,2.0,1958.2,2.0,2281.0,2.0,69.6,2.0,0.19,2.0,,9.0,,9.0,23.533,2.0,23.533,2.0,1.104,1.0,0.178,2.0,0.09,2.0,0.008,2.0,0.179,2.0,98.887,2.0,28.0439,2.0,,,,,['I08N'],2019-12-05,2019-12-27,Akiko
906,50.0,1.0,33.0,,  I08N,1233.0,2.0,20191217.0,123.0,-11.0,79.9972,5347,149.7,19.995,19.914,2.0,34.7312,2.0,34.7301,2.0,92.0,2.0,92.4,2.0,16.66,2.0,17.5,2.0,0.03,2.0,1.2,2.0,0.05,2.0,1.587,2.0,0.958,2.0,0.018,2.0,1.101,2.0,2121.5,2.0,2284.8,2.0,49.7,2.0,0.15,2.0,,9.0,,9.0,1.072,2.0,1.072,2.0,1.429,1.0,0.314,2.0,0.185,2.0,0.024,2.0,0.185,2.0,99.298,2.0,19.914,2.0,,,,,['I08N'],2019-12-05,2019-12-27,Akiko
907,50.0,1.0,32.0,,  I08N,1232.0,2.0,20191217.0,123.0,-11.0,79.9972,5347,200.0,16.726,16.726,2.0,35.157,2.0,35.1547,2.0,134.0,2.0,134.1,2.0,17.01,2.0,14.09,2.0,0.01,2.0,1.0,2.0,0.06,2.0,1.661,2.0,1.055,2.0,0.014,2.0,1.167,2.0,2134.9,2.0,2317.7,2.0,49.1,2.0,0.01,2.0,,9.0,,9.0,0.0,2.0,0.0,2.0,1.375,1.0,0.242,2.0,0.143,2.0,0.024,2.0,-0.003,2.0,99.686,2.0,16.726,2.0,,,,,['I08N'],2019-12-05,2019-12-27,Akiko
908,50.0,1.0,31.0,,  I08N,1231.0,2.0,20191217.0,123.0,-11.0,79.9972,5347,251.8,12.9809,12.9851,2.0,34.8753,2.0,34.8533,2.0,99.8,2.0,94.4,2.0,29.31,2.0,23.83,2.0,0.0,2.0,1.65,2.0,0.06,2.0,1.484,2.0,0.873,2.0,0.011,2.0,0.696,2.0,2191.4,2.0,2310.3,2.0,47.5,2.0,0.01,2.0,,9.0,,9.0,0.0,2.0,0.0,2.0,1.46,1.0,,9.0,,9.0,,9.0,-0.004,2.0,99.684,2.0,12.9851,2.0,,,,,['I08N'],2019-12-05,2019-12-27,Akiko
909,50.0,1.0,30.0,,  I08N,1230.0,2.0,20191217.0,123.0,-11.0,79.9972,5347,329.1,11.124,11.1239,2.0,34.8094,2.0,34.8101,2.0,96.2,2.0,96.9,2.0,31.46,2.0,26.29,2.0,0.0,2.0,1.81,2.0,0.05,2.0,1.607,2.0,0.892,2.0,0.019,2.0,0.595,2.0,2206.2,2.0,2309.7,2.0,45.7,2.0,,9.0,,9.0,,9.0,0.0,2.0,0.0,2.0,1.448,1.0,0.281,2.0,0.161,2.0,0.027,2.0,0.0,2.0,99.692,2.0,11.1239,2.0,,,,,['I08N'],2019-12-05,2019-12-27,Akiko
910,50.0,1.0,29.0,,  I08N,1229.0,2.0,20191217.0,123.0,-11.0,79.9972,5347,431.0,9.4122,9.4114,2.0,34.7403,2.0,34.7366,2.0,111.5,2.0,105.1,2.0,35.0,2.0,29.02,2.0,0.0,2.0,1.97,2.0,0.03,2.0,1.485,2.0,0.796,2.0,0.026,2.0,0.458,2.0,2215.8,2.0,2311.7,2.0,41.9,2.0,,9.0,,9.0,,9.0,0.0,2.0,0.0,2.0,1.41,1.0,0.269,2.0,0.149,2.0,0.025,2.0,0.001,2.0,99.749,2.0,9.4114,2.0,,,,,['I08N'],2019-12-05,2019-12-27,Akiko
911,50.0,1.0,28.0,,  I08N,1228.0,2.0,20191217.0,123.0,-11.0,79.9972,5347,530.4,8.4115,8.4134,2.0,34.726,2.0,34.7253,2.0,80.9,2.0,80.6,2.0,48.45,2.0,33.11,2.0,0.0,2.0,2.29,2.0,0.03,2.0,0.656,2.0,0.371,2.0,0.007,2.0,0.127,2.0,2244.6,2.0,2322.2,2.0,36.2,3.0,,9.0,,9.0,,9.0,0.0,2.0,0.0,2.0,1.476,1.0,0.313,2.0,0.183,2.0,0.035,2.0,0.001,2.0,99.749,2.0,8.4134,2.0,,,,,['I08N'],2019-12-05,2019-12-27,Akiko
912,50.0,1.0,27.0,,  I08N,1227.0,2.0,20191217.0,123.0,-11.0,79.9972,5347,631.3,7.576,7.5758,2.0,34.7066,2.0,34.7071,2.0,72.8,2.0,72.8,2.0,61.61,2.0,35.01,2.0,0.0,2.0,2.47,2.0,0.02,2.0,0.304,2.0,0.184,2.0,0.004,2.0,0.063,2.0,2268.8,2.0,2333.1,2.0,43.7,2.0,,9.0,,9.0,,9.0,0.0,2.0,0.0,2.0,1.497,1.0,0.338,2.0,0.208,2.0,0.047,2.0,0.001,2.0,99.793,2.0,7.5758,2.0,,,,,['I08N'],2019-12-05,2019-12-27,Akiko
913,50.0,1.0,26.0,,  I08N,1226.0,2.0,20191217.0,123.0,-11.0,79.9972,5347,728.1,6.8437,6.845,2.0,34.6867,2.0,34.6871,2.0,72.8,2.0,73.0,2.0,72.85,2.0,35.92,2.0,0.01,2.0,2.55,2.0,0.03,2.0,0.195,2.0,0.113,2.0,0.001,2.0,0.038,2.0,2278.4,6.0,2344.4,2.0,41.6,2.0,,9.0,,9.0,,9.0,0.0,2.0,0.0,2.0,1.52,1.0,,9.0,,9.0,,9.0,0.0,2.0,99.806,2.0,6.845,2.0,,,,,['I08N'],2019-12-05,2019-12-27,Akiko
914,50.0,1.0,25.0,,  I08N,1225.0,2.0,20191217.0,123.0,-11.0,79.9972,5347,830.9,6.2271,6.2273,2.0,34.6692,2.0,34.6686,2.0,77.3,2.0,77.6,2.0,81.43,2.0,36.13,2.0,0.01,2.0,2.58,2.0,0.05,2.0,0.145,2.0,0.084,2.0,0.018,2.0,0.025,2.0,2288.3,2.0,2353.4,2.0,43.5,2.0,,9.0,,9.0,,9.0,0.0,2.0,0.0,2.0,1.526,1.0,0.31,2.0,0.176,2.0,0.034,2.0,0.0,2.0,99.821,2.0,6.2273,2.0,,,,,['I08N'],2019-12-05,2019-12-27,Akiko
915,50.0,1.0,24.0,,  I08N,1224.0,2.0,20191217.0,123.0,-11.0,79.9972,5347,928.4,5.6724,5.6719,2.0,34.656,2.0,34.6566,2.0,81.2,2.0,81.5,2.0,89.62,2.0,36.49,2.0,0.01,2.0,2.61,2.0,0.05,2.0,0.107,2.0,0.067,2.0,0.006,2.0,0.02,2.0,2294.2,2.0,2361.0,2.0,43.2,2.0,,9.0,,9.0,,9.0,0.0,2.0,0.0,2.0,1.538,1.0,,9.0,,9.0,,9.0,0.0,2.0,99.842,2.0,5.6719,2.0,,,,,['I08N'],2019-12-05,2019-12-27,Akiko
916,50.0,1.0,23.0,,  I08N,1223.0,2.0,20191217.0,123.0,-11.0,79.9972,5347,1068.9,4.9836,4.9836,2.0,34.6559,2.0,34.6561,2.0,86.9,2.0,87.3,2.0,99.12,2.0,36.94,2.0,0.01,2.0,2.64,2.0,0.05,2.0,0.073,2.0,0.042,2.0,0.0,2.0,0.01,2.0,2302.3,2.0,2371.5,2.0,39.7,2.0,,9.0,,9.0,,9.0,0.0,2.0,0.0,2.0,1.543,1.0,0.32,2.0,0.192,2.0,0.034,2.0,0.0,2.0,99.838,2.0,4.9836,2.0,,,,,['I08N'],2019-12-05,2019-12-27,Akiko
917,50.0,1.0,22.0,,  I08N,1222.0,2.0,20191217.0,123.0,-11.0,79.9972,5347,1271.0,4.7058,4.7055,2.0,34.7419,2.0,34.7426,2.0,89.4,2.0,89.8,2.0,98.94,2.0,36.96,2.0,0.0,2.0,2.65,2.0,0.05,2.0,0.029,2.0,0.013,2.0,0.0,2.0,0.017,2.0,2307.1,2.0,2374.8,6.0,40.1,2.0,,9.0,,9.0,,9.0,0.0,2.0,0.0,2.0,1.559,1.0,,9.0,,9.0,,9.0,0.0,2.0,99.85,2.0,4.7055,2.0,,,,,['I08N'],2019-12-05,2019-12-27,Akiko
918,50.0,1.0,21.0,,  I08N,1221.0,2.0,20191217.0,123.0,-11.0,79.9972,5347,1470.4,3.9334,3.9312,2.0,34.7492,2.0,34.7476,2.0,105.8,2.0,106.5,2.0,104.47,2.0,36.5,2.0,0.01,2.0,2.6,2.0,0.03,2.0,0.016,2.0,0.005,2.0,0.0,2.0,0.004,2.0,2304.0,2.0,2379.8,2.0,41.7,2.0,,9.0,,9.0,,9.0,0.0,2.0,0.0,2.0,1.537,1.0,0.376,2.0,0.188,2.0,0.044,2.0,0.0,2.0,99.861,2.0,3.9312,2.0,,,,,['I08N'],2019-12-05,2019-12-27,Akiko
919,50.0,1.0,20.0,,  I08N,1220.0,2.0,20191217.0,123.0,-11.0,79.9972,5347,1670.9,3.2796,3.2803,2.0,34.744,2.0,34.7433,2.0,121.7,2.0,122.2,2.0,109.22,2.0,36.06,2.0,0.01,2.0,2.55,2.0,0.03,2.0,0.01,2.0,0.003,2.0,0.0,2.0,0.008,2.0,2303.1,2.0,2384.4,2.0,39.3,2.0,,9.0,,9.0,,9.0,0.0,2.0,0.0,2.0,1.514,1.0,,9.0,,9.0,,9.0,0.0,2.0,99.865,2.0,3.2803,2.0,,,,,['I08N'],2019-12-05,2019-12-27,Akiko
920,50.0,1.0,19.0,,  I08N,1219.0,2.0,20191217.0,123.0,-11.0,79.9972,5347,1870.0,2.8204,2.8204,2.0,34.7447,2.0,34.7451,2.0,134.4,2.0,134.5,2.0,113.34,2.0,35.48,2.0,0.0,2.0,2.5,2.0,0.02,2.0,0.011,2.0,0.004,2.0,0.0,2.0,0.004,2.0,2301.3,2.0,2387.7,2.0,36.3,2.0,,9.0,,9.0,,9.0,0.0,2.0,0.0,2.0,1.497,1.0,0.364,2.0,0.18,2.0,0.043,2.0,0.0,2.0,99.869,2.0,2.8204,2.0,,,,,['I08N'],2019-12-05,2019-12-27,Akiko
921,50.0,1.0,18.0,,  I08N,1218.0,2.0,20191217.0,123.0,-11.0,79.9972,5347,2069.3,2.4646,2.4648,2.0,34.7428,2.0,34.743,2.0,144.6,2.0,144.6,2.0,116.62,2.0,35.03,2.0,0.01,2.0,2.45,2.0,0.02,2.0,0.012,2.0,0.003,2.0,0.0,2.0,0.006,2.0,2299.6,2.0,2392.3,2.0,37.8,2.0,,9.0,,9.0,,9.0,0.0,2.0,0.0,2.0,1.499,1.0,,9.0,,9.0,,9.0,-0.001,2.0,99.876,2.0,2.4648,2.0,,,,,['I08N'],2019-12-05,2019-12-27,Akiko
922,50.0,1.0,17.0,,  I08N,1217.0,2.0,20191217.0,123.0,-11.0,79.9972,5347,2270.4,2.2157,2.2155,2.0,34.7387,2.0,34.7382,2.0,153.1,2.0,153.4,2.0,118.46,2.0,34.64,2.0,0.01,2.0,2.41,2.0,0.02,2.0,0.013,2.0,0.004,2.0,0.0,2.0,0.004,2.0,2298.3,2.0,2393.5,2.0,39.1,2.0,,9.0,,9.0,,9.0,0.0,2.0,0.0,2.0,1.479,1.0,0.35,2.0,0.169,2.0,0.038,2.0,0.0,2.0,99.876,2.0,2.2155,2.0,,,,,['I08N'],2019-12-05,2019-12-27,Akiko
923,50.0,1.0,16.0,,  I08N,1216.0,2.0,20191217.0,123.0,-11.0,79.9972,5347,2470.8,2.0185,2.0185,2.0,34.7346,2.0,34.7341,2.0,159.8,2.0,160.0,2.0,120.35,2.0,34.35,2.0,0.0,2.0,2.39,2.0,0.03,2.0,0.012,2.0,0.003,2.0,0.0,2.0,0.003,2.0,2296.1,1.0,2392.7,2.0,39.8,2.0,,9.0,,9.0,,9.0,0.0,2.0,0.0,2.0,1.469,1.0,,9.0,,9.0,,9.0,0.0,2.0,99.886,2.0,2.0185,2.0,,,,,['I08N'],2019-12-05,2019-12-27,Akiko
924,50.0,1.0,15.0,,  I08N,1215.0,2.0,20191217.0,123.0,-11.0,79.9972,5347,2671.9,1.8762,1.8766,2.0,34.7314,2.0,34.7315,2.0,164.9,2.0,165.2,2.0,121.43,2.0,34.02,2.0,0.01,2.0,2.37,2.0,0.03,2.0,0.017,2.0,0.005,2.0,0.0,2.0,0.007,2.0,2294.7,2.0,2395.7,2.0,37.8,2.0,,9.0,,9.0,,9.0,0.0,2.0,0.0,2.0,1.451,1.0,0.356,2.0,0.17,2.0,0.037,2.0,-0.001,2.0,99.886,2.0,1.8766,2.0,,,,,['I08N'],2019-12-05,2019-12-27,Akiko
925,50.0,1.0,14.0,,  I08N,1214.0,2.0,20191217.0,123.0,-11.0,79.9972,5347,2868.9,1.7546,1.7549,2.0,34.729,2.0,34.7294,2.0,167.6,2.0,167.9,2.0,123.62,2.0,33.99,2.0,0.0,2.0,2.35,2.0,0.02,2.0,0.016,2.0,0.005,2.0,0.0,2.0,0.002,2.0,2295.0,2.0,2398.4,2.0,38.4,2.0,,9.0,,9.0,,9.0,0.0,2.0,0.0,2.0,1.46,1.0,,9.0,,9.0,,9.0,-0.001,2.0,99.878,2.0,1.7549,2.0,,,,,['I08N'],2019-12-05,2019-12-27,Akiko
926,50.0,1.0,13.0,,  I08N,1213.0,2.0,20191217.0,123.0,-11.0,79.9972,5347,3080.8,1.634,1.6342,2.0,34.726,2.0,34.7269,2.0,169.5,2.0,169.7,2.0,126.97,2.0,34.1,2.0,0.0,2.0,2.35,2.0,0.01,2.0,0.016,2.0,0.004,2.0,0.001,2.0,0.005,2.0,2297.1,2.0,2400.6,2.0,37.4,2.0,,9.0,,9.0,,9.0,0.0,2.0,0.0,2.0,1.446,1.0,0.359,2.0,0.173,2.0,0.037,2.0,0.0,2.0,99.873,2.0,1.6342,2.0,,,,,['I08N'],2019-12-05,2019-12-27,Akiko
927,50.0,1.0,12.0,,  I08N,1212.0,2.0,20191217.0,123.0,-11.0,79.9972,5347,3330.2,1.5205,1.5215,2.0,34.7233,2.0,34.7232,2.0,171.8,2.0,171.8,2.0,130.07,2.0,34.04,2.0,0.01,2.0,2.35,2.0,0.02,2.0,0.013,2.0,0.004,2.0,0.004,2.0,0.006,2.0,2299.9,2.0,2405.0,6.0,41.0,2.0,,9.0,,9.0,,9.0,0.0,2.0,0.0,2.0,1.457,1.0,,9.0,,9.0,,9.0,0.0,2.0,99.888,2.0,1.5215,2.0,,,,,['I08N'],2019-12-05,2019-12-27,Akiko
928,50.0,1.0,11.0,,  I08N,1211.0,2.0,20191217.0,123.0,-11.0,79.9972,5347,3580.4,1.4193,1.4192,2.0,34.7204,2.0,34.7208,2.0,176.1,2.0,176.0,2.0,131.32,2.0,34.04,2.0,0.0,2.0,2.33,2.0,0.02,2.0,0.013,2.0,0.003,2.0,0.003,2.0,0.006,2.0,2300.2,2.0,2406.0,2.0,37.9,2.0,,9.0,,9.0,,9.0,0.0,2.0,0.0,2.0,1.458,1.0,0.398,2.0,0.209,2.0,0.052,2.0,-0.001,2.0,99.895,2.0,1.4192,2.0,,,,,['I08N'],2019-12-05,2019-12-27,Akiko
929,50.0,1.0,10.0,,  I08N,1210.0,2.0,20191217.0,123.0,-11.0,79.9972,5347,3829.7,1.3621,1.3618,2.0,34.7185,2.0,34.7187,2.0,179.9,2.0,179.9,2.0,131.73,2.0,33.86,2.0,0.0,2.0,2.32,2.0,0.02,2.0,0.012,2.0,0.003,2.0,0.0,2.0,0.007,2.0,2301.0,2.0,2405.0,2.0,40.9,2.0,,9.0,,9.0,,9.0,0.0,2.0,0.0,2.0,1.435,1.0,,9.0,,9.0,,9.0,0.0,2.0,99.897,2.0,1.3618,2.0,,,,,['I08N'],2019-12-05,2019-12-27,Akiko
930,50.0,1.0,9.0,,  I08N,1209.0,2.0,20191217.0,123.0,-11.0,79.9972,5347,4081.2,1.3457,1.3457,2.0,34.7174,2.0,34.718,2.0,181.5,2.0,181.4,2.0,132.45,2.0,33.81,2.0,0.0,2.0,2.31,2.0,0.02,2.0,0.01,2.0,0.003,2.0,0.0,2.0,0.007,2.0,2296.9,3.0,2405.4,2.0,38.9,2.0,,9.0,,9.0,,9.0,0.0,2.0,0.0,2.0,1.431,1.0,0.369,2.0,0.188,2.0,0.044,2.0,-0.001,2.0,99.897,2.0,1.3457,2.0,,,,,['I08N'],2019-12-05,2019-12-27,Akiko
931,50.0,1.0,8.0,,  I08N,12103.0,2.0,20191217.0,123.0,-11.0,79.9972,5347,4331.0,1.363,1.363,2.0,34.7172,2.0,34.7171,2.0,181.6,2.0,181.5,2.0,132.96,2.0,33.84,2.0,0.0,2.0,2.32,2.0,0.03,2.0,0.013,2.0,0.004,2.0,0.001,2.0,0.005,2.0,2297.6,6.0,2409.3,2.0,39.4,2.0,,9.0,,9.0,,9.0,0.0,2.0,0.0,2.0,1.432,1.0,,9.0,,9.0,,9.0,-0.001,2.0,99.899,2.0,1.363,2.0,,,,,['I08N'],2019-12-05,2019-12-27,Akiko
932,50.0,1.0,7.0,,  I08N,1207.0,2.0,20191217.0,123.0,-11.0,79.9972,5347,4580.4,1.3786,1.3786,2.0,34.7169,2.0,34.7171,2.0,181.7,2.0,181.6,2.0,133.15,2.0,33.83,2.0,0.0,2.0,2.32,2.0,0.02,2.0,0.012,2.0,0.005,2.0,0.0,2.0,0.002,2.0,2299.2,2.0,2406.1,2.0,42.6,2.0,,9.0,,9.0,,9.0,0.0,2.0,0.0,2.0,1.441,1.0,0.363,2.0,0.183,2.0,0.042,2.0,-0.001,2.0,99.895,2.0,1.3786,2.0,,,,,['I08N'],2019-12-05,2019-12-27,Akiko
933,50.0,1.0,6.0,,  I08N,1206.0,2.0,20191217.0,123.0,-11.0,79.9972,5347,4830.7,1.3964,1.3964,2.0,34.7167,2.0,34.7165,2.0,182.0,2.0,182.1,2.0,133.21,2.0,33.72,2.0,0.0,2.0,2.32,2.0,0.02,2.0,0.014,2.0,0.006,2.0,0.0,2.0,0.002,2.0,2297.1,2.0,2407.5,6.0,47.4,3.0,,9.0,,9.0,,9.0,0.0,2.0,0.0,2.0,1.454,1.0,,9.0,,9.0,,9.0,-0.001,2.0,99.897,2.0,1.3964,2.0,,,,,['I08N'],2019-12-05,2019-12-27,Akiko
934,50.0,1.0,5.0,,  I08N,1205.0,2.0,20191217.0,123.0,-11.0,79.9972,5347,5079.1,1.4248,1.4248,2.0,34.7167,2.0,34.7168,2.0,182.1,2.0,182.1,2.0,132.94,2.0,33.77,2.0,0.0,2.0,2.31,2.0,0.01,2.0,0.015,2.0,0.005,2.0,0.008,2.0,0.0,2.0,2295.3,2.0,2406.9,2.0,41.9,2.0,,9.0,,9.0,,9.0,0.0,2.0,0.0,2.0,1.434,1.0,0.368,2.0,0.181,2.0,0.041,2.0,0.0,2.0,99.873,2.0,1.4248,2.0,,,,,['I08N'],2019-12-05,2019-12-27,Akiko
935,50.0,1.0,4.0,,  I08N,1204.0,2.0,20191217.0,123.0,-11.0,79.9972,5347,5330.2,1.4523,1.4523,2.0,34.7167,2.0,34.7166,2.0,182.3,2.0,182.4,2.0,132.84,2.0,33.81,2.0,0.0,2.0,2.31,2.0,0.01,2.0,0.013,2.0,0.005,2.0,0.001,2.0,0.011,2.0,2296.0,2.0,2405.1,2.0,40.9,2.0,,9.0,,9.0,,9.0,0.0,2.0,0.0,2.0,1.435,1.0,0.343,2.0,0.167,2.0,0.034,2.0,0.0,2.0,99.873,2.0,1.4523,2.0,,,,,['I08N'],2019-12-05,2019-12-27,Akiko
936,50.0,1.0,2.0,,  I08N,12046.0,2.0,20191217.0,123.0,-11.0,79.9972,5347,119.2,27.0191,27.0297,2.0,34.7799,2.0,34.7992,2.0,193.2,2.0,189.0,2.0,2.62,2.0,0.51,2.0,0.06,2.0,0.18,2.0,0.05,2.0,,9.0,,9.0,,9.0,,9.0,1976.3,2.0,2281.7,2.0,68.7,2.0,0.45,2.0,,9.0,,9.0,8.929,2.0,8.929,2.0,1.211,1.0,0.275,2.0,0.141,2.0,0.029,2.0,0.423,2.0,98.68,2.0,27.0297,2.0,,,,,['I08N'],2019-12-05,2019-12-27,Akiko
937,50.0,1.0,1.0,,  I08N,1201.0,2.0,20191217.0,123.0,-11.0,79.9972,5347,5425.6,1.4648,1.4649,2.0,34.7168,2.0,34.7168,2.0,182.3,2.0,182.5,2.0,132.9,2.0,33.83,2.0,0.0,2.0,2.32,2.0,0.02,2.0,0.013,2.0,0.004,2.0,0.0,2.0,0.004,2.0,2297.6,2.0,2408.4,2.0,37.7,2.0,,9.0,,9.0,,9.0,0.0,2.0,0.0,2.0,1.441,1.0,0.298,2.0,0.159,2.0,0.034,2.0,0.0,2.0,99.869,2.0,1.4649,2.0,,,,,['I08N'],2019-12-05,2019-12-27,Akiko
938,51.0,1.0,36.0,,  I08N,1236.0,2.0,20191217.0,833.0,-11.4988,80.0004,5295,9.7,28.3007,28.2934,2.0,34.7746,2.0,,9.0,199.7,2.0,,9.0,,9.0,,9.0,,9.0,,9.0,,9.0,,9.0,,9.0,,9.0,,9.0,,9.0,,9.0,,9.0,,9.0,,9.0,,9.0,224.496,2.0,224.496,2.0,1.104,1.0,,9.0,,9.0,,9.0,0.033,2.0,98.703,2.0,28.2934,2.0,,,,,['I08N'],2019-12-05,2019-12-27,Akiko
939,51.0,1.0,35.0,,  I08N,1235.0,2.0,20191217.0,833.0,-11.4988,80.0004,5295,9.6,28.3084,28.314,2.0,34.7748,2.0,,9.0,199.8,2.0,,9.0,,9.0,,9.0,,9.0,,9.0,,9.0,,9.0,,9.0,,9.0,,9.0,,9.0,,9.0,,9.0,,9.0,,9.0,,9.0,226.276,2.0,226.276,2.0,1.087,1.0,,9.0,,9.0,,9.0,0.031,2.0,98.718,2.0,28.314,2.0,,,,,['I08N'],2019-12-05,2019-12-27,Akiko
940,51.0,1.0,34.0,,  I08N,1234.0,2.0,20191217.0,833.0,-11.4988,80.0004,5295,9.6,28.2844,28.2911,2.0,34.7754,2.0,,9.0,199.7,2.0,,9.0,,9.0,,9.0,,9.0,,9.0,,9.0,,9.0,,9.0,,9.0,,9.0,,9.0,,9.0,,9.0,,9.0,,9.0,,9.0,226.146,2.0,226.146,2.0,1.077,1.0,,9.0,,9.0,,9.0,0.033,2.0,98.731,2.0,28.2911,2.0,,,,,['I08N'],2019-12-05,2019-12-27,Akiko
941,51.0,1.0,33.0,,  I08N,1233.0,2.0,20191217.0,833.0,-11.4988,80.0004,5295,9.8,28.3067,28.2696,2.0,34.7745,2.0,,9.0,199.8,2.0,,9.0,,9.0,,9.0,,9.0,,9.0,,9.0,,9.0,,9.0,,9.0,,9.0,,9.0,,9.0,,9.0,,9.0,,9.0,,9.0,224.286,2.0,224.286,2.0,1.091,1.0,,9.0,,9.0,,9.0,0.031,2.0,98.68,2.0,28.2696,2.0,,,,,['I08N'],2019-12-05,2019-12-27,Akiko
942,51.0,1.0,32.0,,  I08N,1232.0,2.0,20191217.0,833.0,-11.4988,80.0004,5295,50.3,28.1298,28.1287,2.0,34.7703,2.0,,9.0,200.0,2.0,,9.0,,9.0,,9.0,,9.0,,9.0,,9.0,,9.0,,9.0,,9.0,,9.0,,9.0,,9.0,,9.0,,9.0,,9.0,,9.0,44.209,2.0,44.209,2.0,1.076,1.0,,9.0,,9.0,,9.0,0.074,2.0,98.638,2.0,28.1287,2.0,,,,,['I08N'],2019-12-05,2019-12-27,Akiko
943,51.0,1.0,31.0,,  I08N,1231.0,2.0,20191217.0,833.0,-11.4988,80.0004,5295,50.1,28.1279,28.1285,2.0,34.7703,2.0,,9.0,200.0,2.0,,9.0,,9.0,,9.0,,9.0,,9.0,,9.0,,9.0,,9.0,,9.0,,9.0,,9.0,,9.0,,9.0,,9.0,,9.0,,9.0,44.881,2.0,44.881,2.0,1.085,1.0,,9.0,,9.0,,9.0,0.076,2.0,98.646,2.0,28.1285,2.0,,,,,['I08N'],2019-12-05,2019-12-27,Akiko
944,51.0,1.0,30.0,,  I08N,1230.0,2.0,20191217.0,833.0,-11.4988,80.0004,5295,50.3,28.1265,28.1252,2.0,34.7703,2.0,,9.0,200.1,2.0,,9.0,,9.0,,9.0,,9.0,,9.0,,9.0,,9.0,,9.0,,9.0,,9.0,,9.0,,9.0,,9.0,,9.0,,9.0,,9.0,44.76,2.0,44.76,2.0,1.085,1.0,,9.0,,9.0,,9.0,0.075,2.0,98.667,2.0,28.1252,2.0,,,,,['I08N'],2019-12-05,2019-12-27,Akiko
945,51.0,1.0,29.0,,  I08N,1229.0,2.0,20191217.0,833.0,-11.4988,80.0004,5295,50.3,28.1289,28.129,2.0,34.7701,2.0,,9.0,200.0,2.0,,9.0,,9.0,,9.0,,9.0,,9.0,,9.0,,9.0,,9.0,,9.0,,9.0,,9.0,,9.0,,9.0,,9.0,,9.0,,9.0,45.412,2.0,45.412,2.0,1.081,1.0,,9.0,,9.0,,9.0,0.078,2.0,98.684,2.0,28.129,2.0,,,,,['I08N'],2019-12-05,2019-12-27,Akiko
946,51.0,1.0,28.0,,  I08N,1228.0,2.0,20191217.0,833.0,-11.4988,80.0004,5295,99.9,27.8658,27.8642,2.0,34.8201,2.0,,9.0,200.0,2.0,,9.0,,9.0,,9.0,,9.0,,9.0,,9.0,,9.0,,9.0,,9.0,,9.0,,9.0,,9.0,,9.0,,9.0,,9.0,,9.0,9.319,2.0,9.319,2.0,1.099,1.0,,9.0,,9.0,,9.0,0.189,2.0,98.855,2.0,27.8642,2.0,,,,,['I08N'],2019-12-05,2019-12-27,Akiko
947,51.0,1.0,27.0,,  I08N,1227.0,2.0,20191217.0,833.0,-11.4988,80.0004,5295,99.8,27.8597,27.861,2.0,34.8204,2.0,,9.0,199.9,2.0,,9.0,,9.0,,9.0,,9.0,,9.0,,9.0,,9.0,,9.0,,9.0,,9.0,,9.0,,9.0,,9.0,,9.0,,9.0,,9.0,9.524,2.0,9.524,2.0,1.092,1.0,,9.0,,9.0,,9.0,0.192,2.0,98.887,2.0,27.861,2.0,,,,,['I08N'],2019-12-05,2019-12-27,Akiko
948,51.0,1.0,26.0,,  I08N,1226.0,2.0,20191217.0,833.0,-11.4988,80.0004,5295,100.1,27.8686,27.8668,2.0,34.82,2.0,,9.0,199.8,2.0,,9.0,,9.0,,9.0,,9.0,,9.0,,9.0,,9.0,,9.0,,9.0,,9.0,,9.0,,9.0,,9.0,,9.0,,9.0,,9.0,9.482,2.0,9.482,2.0,1.093,1.0,,9.0,,9.0,,9.0,0.181,2.0,98.918,2.0,27.8668,2.0,,,,,['I08N'],2019-12-05,2019-12-27,Akiko
949,51.0,1.0,25.0,,  I08N,1225.0,2.0,20191217.0,833.0,-11.4988,80.0004,5295,99.8,27.8648,27.8626,2.0,34.8202,2.0,,9.0,199.5,2.0,,9.0,,9.0,,9.0,,9.0,,9.0,,9.0,,9.0,,9.0,,9.0,,9.0,,9.0,,9.0,,9.0,,9.0,,9.0,,9.0,9.653,2.0,9.653,2.0,1.095,1.0,,9.0,,9.0,,9.0,0.201,2.0,98.933,2.0,27.8626,2.0,,,,,['I08N'],2019-12-05,2019-12-27,Akiko
950,51.0,1.0,24.0,,  I08N,1224.0,2.0,20191217.0,833.0,-11.4988,80.0004,5295,197.7,17.385,17.385,2.0,35.0978,2.0,,9.0,130.2,2.0,,9.0,,9.0,,9.0,,9.0,,9.0,,9.0,,9.0,,9.0,,9.0,,9.0,,9.0,,9.0,,9.0,,9.0,,9.0,,9.0,0.0,2.0,0.0,2.0,1.377,1.0,,9.0,,9.0,,9.0,0.007,2.0,99.656,2.0,17.385,2.0,,,,,['I08N'],2019-12-05,2019-12-27,Akiko
951,51.0,1.0,23.0,,  I08N,1223.0,2.0,20191217.0,833.0,-11.4988,80.0004,5295,197.9,17.3878,17.3873,2.0,35.098,2.0,,9.0,130.2,2.0,,9.0,,9.0,,9.0,,9.0,,9.0,,9.0,,9.0,,9.0,,9.0,,9.0,,9.0,,9.0,,9.0,,9.0,,9.0,,9.0,0.0,2.0,0.0,2.0,1.38,1.0,,9.0,,9.0,,9.0,0.003,2.0,99.663,2.0,17.3873,2.0,,,,,['I08N'],2019-12-05,2019-12-27,Akiko
952,51.0,1.0,22.0,,  I08N,1222.0,2.0,20191217.0,833.0,-11.4988,80.0004,5295,198.0,17.3895,17.3901,2.0,35.0977,2.0,,9.0,130.1,2.0,,9.0,,9.0,,9.0,,9.0,,9.0,,9.0,,9.0,,9.0,,9.0,,9.0,,9.0,,9.0,,9.0,,9.0,,9.0,,9.0,0.0,2.0,0.0,2.0,1.37,1.0,,9.0,,9.0,,9.0,0.002,2.0,99.671,2.0,17.3901,2.0,,,,,['I08N'],2019-12-05,2019-12-27,Akiko
953,51.0,1.0,21.0,,  I08N,1221.0,2.0,20191217.0,833.0,-11.4988,80.0004,5295,198.0,17.3895,17.3901,2.0,35.0977,2.0,,9.0,130.0,2.0,,9.0,,9.0,,9.0,,9.0,,9.0,,9.0,,9.0,,9.0,,9.0,,9.0,,9.0,,9.0,,9.0,,9.0,,9.0,,9.0,0.0,2.0,0.0,2.0,1.377,1.0,,9.0,,9.0,,9.0,0.004,2.0,99.684,2.0,17.3901,2.0,,,,,['I08N'],2019-12-05,2019-12-27,Akiko
954,51.0,1.0,20.0,,  I08N,1220.0,2.0,20191217.0,833.0,-11.4988,80.0004,5295,428.4,9.8133,9.8146,2.0,34.7674,2.0,,9.0,123.4,2.0,,9.0,,9.0,,9.0,,9.0,,9.0,,9.0,,9.0,,9.0,,9.0,,9.0,,9.0,,9.0,,9.0,,9.0,,9.0,,9.0,0.0,2.0,0.0,2.0,1.388,1.0,,9.0,,9.0,,9.0,0.0,2.0,99.747,2.0,9.8146,2.0,,,,,['I08N'],2019-12-05,2019-12-27,Akiko
955,51.0,1.0,19.0,,  I08N,1219.0,2.0,20191217.0,833.0,-11.4988,80.0004,5295,428.8,9.8119,9.8127,2.0,34.7673,2.0,,9.0,123.5,2.0,,9.0,,9.0,,9.0,,9.0,,9.0,,9.0,,9.0,,9.0,,9.0,,9.0,,9.0,,9.0,,9.0,,9.0,,9.0,,9.0,0.0,2.0,0.0,2.0,1.382,1.0,,9.0,,9.0,,9.0,0.0,2.0,99.747,2.0,9.8127,2.0,,,,,['I08N'],2019-12-05,2019-12-27,Akiko
956,51.0,1.0,18.0,,  I08N,1218.0,2.0,20191217.0,833.0,-11.4988,80.0004,5295,428.6,9.8096,9.8097,2.0,34.7672,2.0,,9.0,123.7,2.0,,9.0,,9.0,,9.0,,9.0,,9.0,,9.0,,9.0,,9.0,,9.0,,9.0,,9.0,,9.0,,9.0,,9.0,,9.0,,9.0,0.0,2.0,0.0,2.0,1.36,1.0,,9.0,,9.0,,9.0,0.001,2.0,99.751,2.0,9.8097,2.0,,,,,['I08N'],2019-12-05,2019-12-27,Akiko
957,51.0,1.0,17.0,,  I08N,1217.0,2.0,20191217.0,833.0,-11.4988,80.0004,5295,428.7,9.8068,9.8065,2.0,34.7666,2.0,,9.0,124.1,2.0,,9.0,,9.0,,9.0,,9.0,,9.0,,9.0,,9.0,,9.0,,9.0,,9.0,,9.0,,9.0,,9.0,,9.0,,9.0,,9.0,0.0,2.0,0.0,2.0,1.377,1.0,,9.0,,9.0,,9.0,0.002,2.0,99.764,2.0,9.8065,2.0,,,,,['I08N'],2019-12-05,2019-12-27,Akiko
958,51.0,1.0,16.0,,  I08N,1216.0,2.0,20191217.0,833.0,-11.4988,80.0004,5295,629.4,7.7358,7.7356,2.0,34.7028,2.0,,9.0,75.2,2.0,,9.0,,9.0,,9.0,,9.0,,9.0,,9.0,,9.0,,9.0,,9.0,,9.0,,9.0,,9.0,,9.0,,9.0,,9.0,,9.0,0.0,2.0,0.0,2.0,1.504,1.0,,9.0,,9.0,,9.0,0.001,2.0,99.791,2.0,7.7356,2.0,,,,,['I08N'],2019-12-05,2019-12-27,Akiko
959,51.0,1.0,15.0,,  I08N,1215.0,2.0,20191217.0,833.0,-11.4988,80.0004,5295,629.5,7.7356,7.7355,2.0,34.7028,2.0,,9.0,75.2,2.0,,9.0,,9.0,,9.0,,9.0,,9.0,,9.0,,9.0,,9.0,,9.0,,9.0,,9.0,,9.0,,9.0,,9.0,,9.0,,9.0,0.0,2.0,0.0,2.0,1.489,1.0,,9.0,,9.0,,9.0,0.001,2.0,99.793,2.0,7.7355,2.0,,,,,['I08N'],2019-12-05,2019-12-27,Akiko
960,51.0,1.0,14.0,,  I08N,1214.0,2.0,20191217.0,833.0,-11.4988,80.0004,5295,629.4,7.7358,7.7357,2.0,34.7027,2.0,,9.0,75.2,2.0,,9.0,,9.0,,9.0,,9.0,,9.0,,9.0,,9.0,,9.0,,9.0,,9.0,,9.0,,9.0,,9.0,,9.0,,9.0,,9.0,0.0,2.0,0.0,2.0,1.489,1.0,,9.0,,9.0,,9.0,0.002,2.0,99.789,2.0,7.7357,2.0,,,,,['I08N'],2019-12-05,2019-12-27,Akiko
961,51.0,1.0,13.0,,  I08N,1213.0,2.0,20191217.0,833.0,-11.4988,80.0004,5295,629.1,7.7359,7.7357,2.0,34.7027,2.0,,9.0,75.2,2.0,,9.0,,9.0,,9.0,,9.0,,9.0,,9.0,,9.0,,9.0,,9.0,,9.0,,9.0,,9.0,,9.0,,9.0,,9.0,,9.0,0.0,2.0,0.0,2.0,1.486,1.0,,9.0,,9.0,,9.0,0.002,2.0,99.793,2.0,7.7357,2.0,,,,,['I08N'],2019-12-05,2019-12-27,Akiko
962,51.0,1.0,12.0,,  I08N,1212.0,2.0,20191217.0,833.0,-11.4988,80.0004,5295,828.5,6.3454,6.3495,2.0,34.6828,2.0,,9.0,77.5,2.0,,9.0,,9.0,,9.0,,9.0,,9.0,,9.0,,9.0,,9.0,,9.0,,9.0,,9.0,,9.0,,9.0,,9.0,,9.0,,9.0,0.0,2.0,0.0,2.0,1.519,1.0,,9.0,,9.0,,9.0,0.002,2.0,99.836,2.0,6.3495,2.0,,,,,['I08N'],2019-12-05,2019-12-27,Akiko
963,51.0,1.0,11.0,,  I08N,1211.0,2.0,20191217.0,833.0,-11.4988,80.0004,5295,828.5,6.3328,6.3248,2.0,34.6826,2.0,,9.0,77.6,2.0,,9.0,,9.0,,9.0,,9.0,,9.0,,9.0,,9.0,,9.0,,9.0,,9.0,,9.0,,9.0,,9.0,,9.0,,9.0,,9.0,0.0,2.0,0.0,2.0,1.53,1.0,,9.0,,9.0,,9.0,0.0,2.0,99.833,2.0,6.3248,2.0,,,,,['I08N'],2019-12-05,2019-12-27,Akiko
964,51.0,1.0,10.0,,  I08N,1210.0,2.0,20191217.0,833.0,-11.4988,80.0004,5295,828.1,6.3292,6.3319,2.0,34.6827,2.0,,9.0,77.6,2.0,,9.0,,9.0,,9.0,,9.0,,9.0,,9.0,,9.0,,9.0,,9.0,,9.0,,9.0,,9.0,,9.0,,9.0,,9.0,,9.0,0.0,2.0,0.0,2.0,1.526,1.0,,9.0,,9.0,,9.0,0.0,2.0,99.827,2.0,6.3319,2.0,,,,,['I08N'],2019-12-05,2019-12-27,Akiko
965,51.0,1.0,9.0,,  I08N,1209.0,2.0,20191217.0,833.0,-11.4988,80.0004,5295,828.7,6.3247,6.3244,2.0,34.6823,2.0,,9.0,77.8,2.0,,9.0,,9.0,,9.0,,9.0,,9.0,,9.0,,9.0,,9.0,,9.0,,9.0,,9.0,,9.0,,9.0,,9.0,,9.0,,9.0,0.0,2.0,0.0,2.0,1.529,1.0,,9.0,,9.0,,9.0,0.0,2.0,99.833,2.0,6.3244,2.0,,,,,['I08N'],2019-12-05,2019-12-27,Akiko
966,51.0,1.0,8.0,,  I08N,12103.0,2.0,20191217.0,833.0,-11.4988,80.0004,5295,1069.9,5.0853,5.0849,2.0,34.6603,2.0,,9.0,86.6,2.0,,9.0,,9.0,,9.0,,9.0,,9.0,,9.0,,9.0,,9.0,,9.0,,9.0,,9.0,,9.0,,9.0,,9.0,,9.0,,9.0,0.0,2.0,0.0,2.0,1.536,1.0,,9.0,,9.0,,9.0,0.0,2.0,99.848,2.0,5.0849,2.0,,,,,['I08N'],2019-12-05,2019-12-27,Akiko
967,51.0,1.0,7.0,,  I08N,1207.0,2.0,20191217.0,833.0,-11.4988,80.0004,5295,1070.6,5.0851,5.085,2.0,34.6604,2.0,,9.0,86.6,2.0,,9.0,,9.0,,9.0,,9.0,,9.0,,9.0,,9.0,,9.0,,9.0,,9.0,,9.0,,9.0,,9.0,,9.0,,9.0,,9.0,0.0,2.0,0.0,2.0,1.541,1.0,,9.0,,9.0,,9.0,0.0,2.0,99.867,2.0,5.085,2.0,,,,,['I08N'],2019-12-05,2019-12-27,Akiko
968,51.0,1.0,6.0,,  I08N,1206.0,2.0,20191217.0,833.0,-11.4988,80.0004,5295,1070.3,5.0855,5.0852,2.0,34.6606,2.0,,9.0,86.6,2.0,,9.0,,9.0,,9.0,,9.0,,9.0,,9.0,,9.0,,9.0,,9.0,,9.0,,9.0,,9.0,,9.0,,9.0,,9.0,,9.0,0.0,2.0,0.0,2.0,1.547,1.0,,9.0,,9.0,,9.0,0.0,2.0,99.859,2.0,5.0852,2.0,,,,,['I08N'],2019-12-05,2019-12-27,Akiko
969,51.0,1.0,5.0,,  I08N,1205.0,2.0,20191217.0,833.0,-11.4988,80.0004,5295,1069.6,5.0874,5.0869,2.0,34.6616,2.0,,9.0,86.4,2.0,,9.0,,9.0,,9.0,,9.0,,9.0,,9.0,,9.0,,9.0,,9.0,,9.0,,9.0,,9.0,,9.0,,9.0,,9.0,,9.0,0.0,2.0,0.0,2.0,1.536,1.0,,9.0,,9.0,,9.0,0.0,2.0,99.859,2.0,5.0869,2.0,,,,,['I08N'],2019-12-05,2019-12-27,Akiko
970,52.0,1.0,36.0,,  I08N,1236.0,2.0,20191217.0,1421.0,-12.0002,80.0002,5159,9.8,28.3624,28.3614,2.0,34.7783,2.0,34.7785,2.0,198.9,2.0,198.3,2.0,1.86,2.0,0.02,2.0,0.0,2.0,0.09,2.0,0.04,2.0,1.437,2.0,0.92,2.0,0.131,2.0,1.522,2.0,1959.7,2.0,2280.4,2.0,70.3,2.0,0.04,2.0,14.6,2.0,331.5,2.0,0.014,2.0,0.014,2.0,1.095,1.0,0.152,2.0,0.065,2.0,0.003,2.0,0.036,2.0,98.813,2.0,28.3614,2.0,,,,,['I08N'],2019-12-05,2019-12-27,Akiko
971,52.0,1.0,35.0,,  I08N,1235.0,2.0,20191217.0,1421.0,-12.0002,80.0002,5159,50.4,28.1779,28.1774,2.0,34.8187,2.0,34.8174,2.0,199.2,2.0,198.7,2.0,1.86,2.0,0.01,2.0,0.0,2.0,0.1,2.0,0.04,2.0,1.43,2.0,0.922,2.0,0.124,2.0,1.517,2.0,1958.9,2.0,2282.6,2.0,69.9,2.0,0.06,2.0,15.5,2.0,333.9,2.0,0.0,2.0,0.0,2.0,1.093,1.0,0.152,2.0,0.066,2.0,0.003,2.0,0.061,2.0,98.703,2.0,28.1774,2.0,,,,,['I08N'],2019-12-05,2019-12-27,Akiko
972,52.0,1.0,34.0,,  I08N,1234.0,2.0,20191217.0,1421.0,-12.0002,80.0002,5159,100.7,27.825,27.824,2.0,34.7827,2.0,34.7867,2.0,199.5,2.0,199.3,2.0,1.89,2.0,0.0,2.0,0.0,2.0,0.1,2.0,0.03,2.0,1.455,2.0,0.934,2.0,0.126,2.0,1.481,2.0,1958.1,2.0,2280.0,2.0,67.5,2.0,0.15,2.0,13.6,2.0,324.5,2.0,0.0,2.0,0.0,2.0,1.117,1.0,0.203,2.0,0.105,2.0,0.009,2.0,0.191,2.0,98.815,2.0,27.824,2.0,,,,,['I08N'],2019-12-05,2019-12-27,Akiko
973,52.0,1.0,33.0,,  I08N,1233.0,2.0,20191217.0,1421.0,-12.0002,80.0002,5159,150.3,21.1941,21.193,2.0,34.7393,2.0,34.7388,2.0,111.2,2.0,110.8,2.0,13.06,2.0,13.69,2.0,0.04,2.0,0.97,2.0,0.04,2.0,1.622,2.0,1.008,2.0,0.052,2.0,1.204,2.0,2092.9,2.0,2281.7,2.0,54.1,2.0,0.17,2.0,15.7,2.0,422.6,2.0,0.0,2.0,0.0,2.0,1.406,1.0,0.373,2.0,0.243,2.0,0.042,2.0,0.223,2.0,99.239,2.0,21.193,2.0,,,,,['I08N'],2019-12-05,2019-12-27,Akiko
974,52.0,1.0,32.0,,  I08N,1232.0,2.0,20191217.0,1421.0,-12.0002,80.0002,5159,201.9,17.4547,17.4372,2.0,35.095,2.0,35.1061,2.0,131.2,2.0,130.9,2.0,16.7,2.0,13.89,2.0,0.01,2.0,1.0,2.0,0.06,2.0,1.771,2.0,1.073,2.0,0.011,2.0,1.225,2.0,2128.0,2.0,2310.8,2.0,47.0,2.0,0.01,2.0,9.9,2.0,461.0,2.0,0.0,2.0,0.0,2.0,1.379,1.0,0.24,2.0,0.141,2.0,0.016,2.0,0.001,2.0,99.639,2.0,17.4372,2.0,,,,,['I08N'],2019-12-05,2019-12-27,Akiko
975,52.0,1.0,31.0,,  I08N,1231.0,2.0,20191217.0,1421.0,-12.0002,80.0002,5159,250.0,15.4712,15.4729,2.0,35.2115,2.0,35.1965,2.0,142.8,2.0,141.3,2.0,17.17,2.0,14.33,2.0,0.01,2.0,1.04,2.0,0.04,2.0,1.771,2.0,1.032,2.0,0.018,2.0,0.871,2.0,2145.6,2.0,2320.3,2.0,47.7,2.0,0.01,2.0,11.1,2.0,420.0,2.0,0.0,2.0,0.0,2.0,1.371,1.0,,9.0,,9.0,,9.0,-0.005,2.0,99.69,2.0,15.4729,2.0,,,,,['I08N'],2019-12-05,2019-12-27,Akiko
976,52.0,1.0,30.0,,  I08N,1230.0,2.0,20191217.0,1421.0,-12.0002,80.0002,5159,279.1,13.4772,13.4781,2.0,34.9841,2.0,34.9746,2.0,118.6,2.0,117.1,2.0,24.54,2.0,19.89,2.0,0.01,2.0,1.41,2.0,0.02,2.0,1.746,2.0,1.03,2.0,0.021,2.0,0.871,2.0,2172.6,2.0,2313.6,2.0,45.2,2.0,,9.0,3.6,2.0,421.5,2.0,0.0,2.0,0.0,2.0,1.414,1.0,0.266,2.0,0.156,2.0,0.024,2.0,-0.004,2.0,99.715,2.0,13.4781,2.0,,,,,['I08N'],2019-12-05,2019-12-27,Akiko
977,52.0,1.0,29.0,,  I08N,1229.0,2.0,20191217.0,1421.0,-12.0002,80.0002,5159,370.6,10.8773,10.8775,2.0,34.8054,2.0,34.8045,2.0,98.5,2.0,98.4,2.0,31.84,2.0,26.58,2.0,0.01,2.0,1.83,2.0,0.02,2.0,1.605,2.0,0.888,2.0,0.024,2.0,0.561,2.0,2207.5,2.0,2310.3,2.0,47.3,2.0,,9.0,11.2,2.0,433.1,2.0,0.0,2.0,0.0,2.0,1.434,1.0,0.293,2.0,0.183,2.0,0.031,2.0,0.0,2.0,99.677,2.0,10.8775,2.0,,,,,['I08N'],2019-12-05,2019-12-27,Akiko
978,52.0,1.0,28.0,,  I08N,1228.0,2.0,20191217.0,1421.0,-12.0002,80.0002,5159,470.0,9.3793,9.3794,2.0,34.7355,2.0,34.7317,2.0,125.6,2.0,124.7,2.0,29.7,2.0,27.02,2.0,0.01,2.0,1.85,2.0,0.03,2.0,1.801,2.0,0.966,2.0,0.042,2.0,0.532,2.0,2202.4,2.0,2306.6,2.0,44.1,2.0,,9.0,11.5,2.0,440.0,2.0,0.0,2.0,0.0,2.0,1.363,1.0,0.242,2.0,0.139,2.0,0.02,2.0,0.001,2.0,99.755,2.0,9.3794,2.0,,,,,['I08N'],2019-12-05,2019-12-27,Akiko
979,52.0,1.0,27.0,,  I08N,1227.0,2.0,20191217.0,1421.0,-12.0002,80.0002,5159,569.7,8.3262,8.3269,2.0,34.7078,2.0,34.7055,2.0,87.6,2.0,90.7,2.0,46.23,2.0,32.26,2.0,0.01,2.0,2.24,2.0,0.02,2.0,0.832,2.0,0.43,2.0,0.018,2.0,0.173,2.0,2237.7,2.0,2316.8,2.0,43.0,2.0,,9.0,9.1,2.0,449.8,2.0,0.0,2.0,0.0,2.0,1.469,1.0,0.282,2.0,0.164,2.0,0.026,2.0,0.0,2.0,99.76,2.0,8.3269,2.0,,,,,['I08N'],2019-12-05,2019-12-27,Akiko
980,52.0,1.0,26.0,,  I08N,1226.0,2.0,20191217.0,1421.0,-12.0002,80.0002,5159,669.6,7.5107,7.5094,2.0,34.7071,2.0,34.7076,2.0,83.7,2.0,83.9,2.0,57.57,2.0,33.99,2.0,0.01,2.0,2.42,2.0,0.03,2.0,0.456,2.0,0.242,2.0,0.008,2.0,0.082,2.0,2254.9,6.0,2330.8,2.0,47.7,2.0,,9.0,4.4,2.0,452.5,2.0,0.0,2.0,0.0,2.0,1.478,1.0,,9.0,,9.0,,9.0,0.0,2.0,99.795,2.0,7.5094,2.0,,,,,['I08N'],2019-12-05,2019-12-27,Akiko
981,52.0,1.0,25.0,,  I08N,1225.0,2.0,20191217.0,1421.0,-12.0002,80.0002,5159,770.6,6.7618,6.7617,2.0,34.6867,2.0,34.6849,2.0,75.5,2.0,74.9,2.0,73.73,2.0,35.77,2.0,0.01,2.0,2.55,2.0,0.04,2.0,0.215,2.0,0.116,2.0,0.004,2.0,0.08,2.0,2277.1,2.0,2346.1,2.0,42.7,2.0,,9.0,14.3,2.0,427.6,2.0,0.0,2.0,0.0,2.0,1.51,1.0,0.307,2.0,0.177,2.0,0.027,2.0,0.001,2.0,99.808,2.0,6.7617,2.0,,,,,['I08N'],2019-12-05,2019-12-27,Akiko
982,52.0,1.0,24.0,,  I08N,1224.0,2.0,20191217.0,1421.0,-12.0002,80.0002,5159,871.5,6.1876,6.1873,2.0,34.6766,2.0,34.6761,2.0,77.2,2.0,77.2,2.0,82.84,2.0,36.23,2.0,0.01,2.0,2.6,2.0,0.03,2.0,0.144,2.0,0.078,2.0,0.007,2.0,0.007,2.0,2287.1,2.0,2351.6,2.0,42.7,2.0,,9.0,3.9,2.0,440.3,2.0,0.0,2.0,0.0,2.0,1.536,1.0,,9.0,,9.0,,9.0,0.0,2.0,99.817,2.0,6.1873,2.0,,,,,['I08N'],2019-12-05,2019-12-27,Akiko
983,52.0,1.0,23.0,,  I08N,1223.0,2.0,20191217.0,1421.0,-12.0002,80.0002,5159,971.0,5.6864,5.6866,2.0,34.6691,2.0,34.6693,2.0,81.5,2.0,81.1,2.0,89.82,2.0,36.53,2.0,0.0,2.0,2.62,2.0,0.02,2.0,0.111,2.0,0.06,2.0,0.002,2.0,0.024,2.0,2293.2,2.0,2360.3,2.0,41.2,2.0,,9.0,14.1,2.0,449.0,2.0,0.0,2.0,0.0,2.0,1.534,1.0,0.334,2.0,0.181,2.0,0.03,2.0,0.0,2.0,99.836,2.0,5.6866,2.0,,,,,['I08N'],2019-12-05,2019-12-27,Akiko
984,52.0,1.0,22.0,,  I08N,1222.0,2.0,20191217.0,1421.0,-12.0002,80.0002,5159,1127.5,4.9817,4.9816,2.0,34.6678,2.0,34.6683,2.0,87.9,2.0,87.6,2.0,98.53,2.0,36.88,2.0,0.01,2.0,2.66,2.0,0.02,2.0,0.065,2.0,0.033,2.0,0.001,2.0,0.0,2.0,2301.4,2.0,2371.2,6.0,43.7,2.0,,9.0,4.9,2.0,458.3,2.0,0.0,2.0,0.0,2.0,1.534,1.0,,9.0,,9.0,,9.0,0.0,2.0,99.846,2.0,4.9816,2.0,,,,,['I08N'],2019-12-05,2019-12-27,Akiko
985,52.0,1.0,21.0,,  I08N,1221.0,2.0,20191217.0,1421.0,-12.0002,80.0002,5159,1330.2,4.3755,4.3755,2.0,34.69,2.0,34.6902,2.0,94.6,2.0,94.6,2.0,105.41,2.0,36.94,2.0,0.01,2.0,2.66,2.0,0.01,2.0,0.032,2.0,0.014,2.0,0.002,2.0,0.0,2.0,2306.5,2.0,2377.3,2.0,40.4,2.0,,9.0,13.4,2.0,457.9,2.0,0.0,2.0,0.0,2.0,1.545,1.0,0.345,2.0,0.194,2.0,0.035,2.0,0.0,2.0,99.852,2.0,4.3755,2.0,,,,,['I08N'],2019-12-05,2019-12-27,Akiko
986,52.0,1.0,20.0,,  I08N,1220.0,2.0,20191217.0,1421.0,-12.0002,80.0002,5159,1529.3,3.816,3.8166,2.0,34.7229,2.0,34.7228,2.0,106.8,2.0,106.7,2.0,107.54,2.0,36.53,2.0,0.0,2.0,2.63,2.0,0.01,2.0,0.02,2.0,0.008,2.0,0.003,2.0,0.02,2.0,2307.4,2.0,2379.0,2.0,40.8,2.0,,9.0,17.4,2.0,473.0,2.0,0.0,2.0,0.0,2.0,1.537,1.0,,9.0,,9.0,,9.0,0.0,2.0,99.848,2.0,3.8166,2.0,,,,,['I08N'],2019-12-05,2019-12-27,Akiko
987,52.0,1.0,19.0,,  I08N,1219.0,2.0,20191217.0,1421.0,-12.0002,80.0002,5159,1730.0,3.3164,3.3201,2.0,34.738,2.0,34.7382,2.0,121.1,2.0,121.3,2.0,109.85,2.0,35.98,2.0,0.0,2.0,2.57,2.0,0.02,2.0,0.015,2.0,0.004,2.0,0.003,2.0,0.004,2.0,2304.5,2.0,2383.9,2.0,40.8,2.0,,9.0,,9.0,,9.0,0.0,2.0,0.0,2.0,1.521,1.0,0.323,2.0,0.175,2.0,0.027,2.0,0.0,2.0,99.855,2.0,3.3201,2.0,,,,,['I08N'],2019-12-05,2019-12-27,Akiko
988,52.0,1.0,18.0,,  I08N,1218.0,2.0,20191217.0,1421.0,-12.0002,80.0002,5159,1928.2,2.8556,2.8558,2.0,34.7415,2.0,34.7422,2.0,134.5,2.0,134.7,2.0,113.51,2.0,35.36,2.0,0.0,2.0,2.51,2.0,0.02,2.0,0.014,2.0,0.005,2.0,0.002,2.0,0.006,2.0,2302.7,2.0,2386.1,2.0,42.1,2.0,,9.0,,9.0,,9.0,0.0,2.0,0.0,2.0,1.504,1.0,,9.0,,9.0,,9.0,0.0,2.0,99.869,2.0,2.8558,2.0,,,,,['I08N'],2019-12-05,2019-12-27,Akiko
989,52.0,1.0,17.0,,  I08N,1217.0,2.0,20191217.0,1421.0,-12.0002,80.0002,5159,2129.9,2.4704,2.4715,2.0,34.7382,2.0,34.7378,2.0,146.9,2.0,147.0,2.0,116.15,2.0,34.81,2.0,0.0,2.0,2.45,2.0,0.02,2.0,0.013,2.0,0.005,2.0,0.008,2.0,0.008,2.0,2297.8,2.0,2385.8,2.0,38.0,2.0,,9.0,,9.0,,9.0,0.0,2.0,0.0,2.0,1.502,1.0,0.325,2.0,0.18,2.0,0.029,2.0,-0.001,2.0,99.871,2.0,2.4715,2.0,,,,,['I08N'],2019-12-05,2019-12-27,Akiko
990,52.0,1.0,16.0,,  I08N,1216.0,2.0,20191217.0,1421.0,-12.0002,80.0002,5159,2332.3,2.2182,2.2177,2.0,34.7358,2.0,34.736,2.0,155.0,2.0,155.4,2.0,118.15,2.0,34.43,2.0,0.01,2.0,2.41,2.0,0.01,2.0,0.018,2.0,0.007,2.0,0.003,2.0,0.011,2.0,2297.2,6.0,2390.9,2.0,42.7,2.0,,9.0,,9.0,,9.0,0.0,2.0,0.0,2.0,1.468,1.0,,9.0,,9.0,,9.0,-0.001,2.0,99.876,2.0,2.2177,2.0,,,,,['I08N'],2019-12-05,2019-12-27,Akiko
991,52.0,1.0,15.0,,  I08N,1215.0,2.0,20191217.0,1421.0,-12.0002,80.0002,5159,2531.2,2.0168,2.0165,2.0,34.7332,2.0,34.7326,2.0,161.6,2.0,162.0,2.0,119.49,2.0,34.04,2.0,0.0,2.0,2.38,2.0,0.01,2.0,0.015,2.0,0.005,2.0,0.001,2.0,0.018,2.0,2294.9,2.0,2391.6,2.0,38.6,2.0,,9.0,,9.0,,9.0,0.0,2.0,0.0,2.0,1.452,1.0,0.308,2.0,0.159,2.0,0.025,2.0,0.0,2.0,99.888,2.0,2.0165,2.0,,,,,['I08N'],2019-12-05,2019-12-27,Akiko
992,52.0,1.0,14.0,,  I08N,1214.0,2.0,20191217.0,1421.0,-12.0002,80.0002,5159,2729.9,1.8721,1.8715,2.0,34.7307,2.0,34.7298,2.0,166.1,2.0,166.6,2.0,121.24,2.0,33.83,2.0,0.0,2.0,2.36,2.0,0.04,2.0,0.014,2.0,0.004,2.0,0.004,2.0,0.003,2.0,2295.3,2.0,2390.7,2.0,40.0,2.0,,9.0,,9.0,,9.0,0.0,2.0,0.0,2.0,1.454,1.0,,9.0,,9.0,,9.0,-0.001,2.0,99.89,2.0,1.8715,2.0,,,,,['I08N'],2019-12-05,2019-12-27,Akiko
993,52.0,1.0,13.0,,  I08N,1213.0,2.0,20191217.0,1421.0,-12.0002,80.0002,5159,2930.7,1.7371,1.737,2.0,34.7281,2.0,34.7274,2.0,169.3,2.0,169.6,2.0,124.47,2.0,33.89,2.0,0.01,2.0,2.35,2.0,0.02,2.0,0.014,2.0,0.006,2.0,0.002,2.0,0.007,2.0,2295.8,2.0,2395.9,2.0,36.1,2.0,,9.0,,9.0,,9.0,0.0,2.0,0.0,2.0,1.436,1.0,0.297,2.0,0.158,2.0,0.024,2.0,0.0,2.0,99.88,2.0,1.737,2.0,,,,,['I08N'],2019-12-05,2019-12-27,Akiko
994,52.0,1.0,12.0,,  I08N,1212.0,2.0,20191217.0,1421.0,-12.0002,80.0002,5159,3170.7,1.6121,1.6129,2.0,34.7255,2.0,34.7252,2.0,170.3,2.0,170.4,2.0,128.84,2.0,34.06,2.0,0.01,2.0,2.36,2.0,0.03,2.0,0.019,2.0,0.006,2.0,0.003,2.0,0.003,2.0,2302.6,2.0,2402.4,6.0,35.4,2.0,,9.0,,9.0,,9.0,0.0,2.0,0.0,2.0,1.454,1.0,,9.0,,9.0,,9.0,0.0,2.0,99.871,2.0,1.6129,2.0,,,,,['I08N'],2019-12-05,2019-12-27,Akiko
995,52.0,1.0,11.0,,  I08N,1211.0,2.0,20191217.0,1421.0,-12.0002,80.0002,5159,3419.9,1.5118,1.5106,2.0,34.7228,2.0,34.7227,2.0,172.3,2.0,172.7,2.0,131.59,2.0,34.16,2.0,0.01,2.0,2.36,2.0,0.03,2.0,0.018,2.0,0.007,2.0,0.015,3.0,0.009,2.0,2301.9,2.0,2402.0,2.0,40.0,2.0,,9.0,,9.0,,9.0,0.0,2.0,0.0,2.0,1.458,1.0,0.296,2.0,0.154,2.0,0.022,2.0,0.0,2.0,99.871,2.0,1.5106,2.0,,,,,['I08N'],2019-12-05,2019-12-27,Akiko
996,52.0,1.0,10.0,,  I08N,1210.0,2.0,20191217.0,1421.0,-12.0002,80.0002,5159,3670.3,1.4098,1.4095,2.0,34.7203,2.0,34.7209,2.0,179.3,2.0,179.5,2.0,130.53,2.0,33.69,2.0,0.01,2.0,2.32,2.0,0.02,2.0,0.017,2.0,0.005,2.0,0.003,2.0,0.007,2.0,2296.4,2.0,2402.5,2.0,36.2,2.0,,9.0,,9.0,,9.0,0.0,2.0,0.0,2.0,1.435,1.0,,9.0,,9.0,,9.0,0.0,2.0,99.907,2.0,1.4095,2.0,,,,,['I08N'],2019-12-05,2019-12-27,Akiko
997,52.0,1.0,9.0,,  I08N,1209.0,2.0,20191217.0,1421.0,-12.0002,80.0002,5159,3921.2,1.36,1.3599,2.0,34.7183,2.0,34.7182,2.0,181.2,2.0,181.5,2.0,132.17,2.0,33.77,2.0,0.0,2.0,2.32,2.0,0.03,2.0,0.013,2.0,0.004,2.0,0.002,2.0,0.003,2.0,2301.2,2.0,2405.7,2.0,40.2,2.0,,9.0,,9.0,,9.0,0.0,2.0,0.0,2.0,1.429,1.0,0.299,2.0,0.157,2.0,0.025,2.0,0.0,2.0,99.895,2.0,1.3599,2.0,,,,,['I08N'],2019-12-05,2019-12-27,Akiko
998,52.0,1.0,8.0,,  I08N,12103.0,2.0,20191217.0,1421.0,-12.0002,80.0002,5159,4168.7,1.3556,1.3557,2.0,34.7176,2.0,34.7176,2.0,181.6,2.0,181.9,2.0,133.49,2.0,33.76,2.0,0.0,2.0,2.33,2.0,0.03,2.0,0.014,2.0,0.005,2.0,0.01,3.0,0.008,2.0,2299.2,6.0,2404.5,2.0,40.4,2.0,,9.0,,9.0,,9.0,0.0,2.0,0.0,2.0,1.435,1.0,,9.0,,9.0,,9.0,-0.001,2.0,99.897,2.0,1.3557,2.0,,,,,['I08N'],2019-12-05,2019-12-27,Akiko
999,52.0,1.0,7.0,,  I08N,1207.0,2.0,20191217.0,1421.0,-12.0002,80.0002,5159,4419.9,1.3746,1.3746,2.0,34.7172,2.0,34.717,2.0,181.6,2.0,181.8,2.0,133.95,2.0,33.8,2.0,0.0,2.0,2.32,2.0,0.03,2.0,0.016,2.0,0.006,2.0,0.002,2.0,0.004,2.0,2299.7,2.0,2403.6,2.0,37.8,2.0,,9.0,,9.0,,9.0,0.0,2.0,0.0,2.0,1.432,1.0,0.303,2.0,0.16,2.0,0.027,2.0,-0.001,2.0,99.897,2.0,1.3746,2.0,,,,,['I08N'],2019-12-05,2019-12-27,Akiko
1000,52.0,1.0,6.0,,  I08N,1206.0,2.0,20191217.0,1421.0,-12.0002,80.0002,5159,4668.6,1.3976,1.3976,2.0,34.7171,2.0,34.7167,2.0,181.5,2.0,181.8,2.0,134.33,2.0,33.78,2.0,0.0,2.0,2.32,2.0,0.02,2.0,0.013,2.0,0.006,2.0,0.003,2.0,0.011,2.0,2301.0,2.0,2408.3,6.0,39.1,2.0,,9.0,,9.0,,9.0,0.0,2.0,0.0,2.0,1.44,1.0,,9.0,,9.0,,9.0,0.0,2.0,99.895,2.0,1.3976,2.0,,,,,['I08N'],2019-12-05,2019-12-27,Akiko
1001,52.0,1.0,5.0,,  I08N,1205.0,2.0,20191217.0,1421.0,-12.0002,80.0002,5159,4922.1,1.4215,1.4215,2.0,34.7169,2.0,34.7173,2.0,181.5,2.0,181.7,2.0,134.39,2.0,33.87,2.0,0.0,2.0,2.32,2.0,0.03,2.0,0.013,2.0,0.006,2.0,0.001,2.0,0.004,2.0,2300.0,2.0,2406.4,2.0,38.1,2.0,,9.0,,9.0,,9.0,0.0,2.0,0.0,2.0,1.445,1.0,0.297,2.0,0.161,2.0,0.023,2.0,-0.001,2.0,99.873,2.0,1.4215,2.0,,,,,['I08N'],2019-12-05,2019-12-27,Akiko
1002,52.0,1.0,2.0,,  I08N,12046.0,2.0,20191217.0,1421.0,-12.0002,80.0002,5159,126.5,27.3012,27.309,2.0,34.833,2.0,34.8346,2.0,188.2,2.0,187.1,2.0,2.6,2.0,0.43,2.0,0.11,2.0,0.19,2.0,0.05,2.0,,9.0,,9.0,,9.0,,9.0,1977.1,2.0,2281.9,2.0,67.3,2.0,0.38,2.0,39.2,2.0,320.9,2.0,0.0,2.0,0.0,2.0,1.211,1.0,0.242,2.0,0.131,2.0,0.019,2.0,0.45,2.0,98.674,2.0,27.309,2.0,,,,,['I08N'],2019-12-05,2019-12-27,Akiko
1003,52.0,1.0,1.0,,  I08N,1201.0,2.0,20191217.0,1421.0,-12.0002,80.0002,5159,5230.9,1.4517,1.4517,2.0,34.7169,2.0,34.7171,2.0,181.7,2.0,182.0,2.0,133.88,2.0,33.77,2.0,0.01,2.0,2.32,2.0,0.02,2.0,0.018,2.0,0.007,2.0,0.0,2.0,0.002,2.0,2298.9,2.0,2408.5,2.0,39.5,2.0,,9.0,,9.0,,9.0,0.0,2.0,0.0,2.0,1.436,1.0,0.29,2.0,0.156,2.0,0.023,2.0,0.0,2.0,99.867,2.0,1.4517,2.0,,,,,['I08N'],2019-12-05,2019-12-27,Akiko
1004,54.0,1.0,36.0,,  I08N,1236.0,2.0,20191218.0,238.0,-13.0969,80.0007,5003,10.0,28.7057,28.7063,2.0,35.018,2.0,35.0179,2.0,197.0,2.0,196.5,2.0,1.72,2.0,0.01,2.0,0.01,2.0,0.1,2.0,0.04,2.0,1.38,2.0,0.898,2.0,0.113,2.0,1.574,2.0,1964.6,2.0,2293.0,2.0,,9.0,0.06,2.0,34.0,2.0,323.3,2.0,1023.296,2.0,1023.296,2.0,1.145,1.0,,9.0,,9.0,,9.0,0.013,2.0,98.891,2.0,28.7063,2.0,,,,,['I08N'],2019-12-05,2019-12-27,Akiko
1005,54.0,1.0,35.0,,  I08N,1235.0,2.0,20191218.0,238.0,-13.0969,80.0007,5003,49.7,28.6871,28.6864,2.0,35.0754,2.0,35.0732,2.0,196.9,2.0,196.8,2.0,1.69,2.0,0.01,2.0,0.01,2.0,0.1,2.0,0.02,2.0,1.371,2.0,0.889,2.0,0.123,2.0,1.551,2.0,1964.7,2.0,2296.4,2.0,,9.0,0.07,2.0,33.8,2.0,320.2,2.0,59.529,2.0,59.529,2.0,1.094,1.0,,9.0,,9.0,,9.0,0.051,2.0,98.857,2.0,28.6864,2.0,,,,,['I08N'],2019-12-05,2019-12-27,Akiko
1006,54.0,1.0,34.0,,  I08N,1234.0,2.0,20191218.0,238.0,-13.0969,80.0007,5003,99.9,28.1443,28.1534,2.0,35.0612,2.0,35.0498,2.0,200.2,2.0,200.4,2.0,1.75,2.0,0.0,2.0,0.0,2.0,0.11,2.0,0.02,2.0,1.413,2.0,0.915,2.0,0.122,2.0,1.63,2.0,1966.0,2.0,2294.3,2.0,,9.0,0.14,2.0,25.0,2.0,324.5,2.0,45.369,2.0,45.369,2.0,1.079,1.0,,9.0,,9.0,,9.0,0.159,2.0,98.88,2.0,28.1534,2.0,,,,,['I08N'],2019-12-05,2019-12-27,Akiko
1007,54.0,1.0,33.0,,  I08N,1233.0,2.0,20191218.0,238.0,-13.0969,80.0007,5003,150.6,21.617,21.6105,2.0,34.7428,2.0,34.7687,2.0,100.1,2.0,99.3,2.0,13.18,2.0,15.03,2.0,0.1,2.0,1.06,2.0,0.02,2.0,1.593,2.0,0.987,2.0,0.038,2.0,1.256,2.0,2100.4,2.0,2283.2,2.0,,9.0,0.2,2.0,20.7,2.0,399.6,2.0,2.975,2.0,2.975,2.0,1.431,1.0,,9.0,,9.0,,9.0,0.266,2.0,99.171,2.0,21.6105,2.0,,,,,['I08N'],2019-12-05,2019-12-27,Akiko
1008,54.0,1.0,32.0,,  I08N,1232.0,2.0,20191218.0,238.0,-13.0969,80.0007,5003,197.7,17.621,17.6063,2.0,34.884,2.0,34.9507,2.0,114.1,2.0,117.8,2.0,18.12,2.0,15.59,2.0,0.01,2.0,1.09,2.0,0.01,2.0,1.675,2.0,1.023,2.0,0.01,2.0,1.149,2.0,2128.4,22.0,2305.4,2.0,,9.0,0.04,2.0,32.4,2.0,444.7,2.0,0.098,2.0,0.098,2.0,1.42,1.0,,9.0,,9.0,,9.0,0.037,2.0,99.549,2.0,17.6063,2.0,,,,,['I08N'],2019-12-05,2019-12-27,Akiko
1009,54.0,1.0,31.0,,  I08N,1231.0,2.0,20191218.0,238.0,-13.0969,80.0007,5003,251.6,15.414,15.419,2.0,35.0524,2.0,35.0648,2.0,120.0,2.0,121.0,2.0,20.95,2.0,17.03,2.0,0.01,2.0,1.2,2.0,0.02,2.0,1.652,2.0,1.0,2.0,0.012,2.0,0.873,2.0,2154.6,2.0,2315.3,2.0,,9.0,0.01,2.0,13.4,2.0,422.2,2.0,0.0,2.0,0.0,2.0,1.397,1.0,,9.0,,9.0,,9.0,-0.005,2.0,99.677,2.0,15.419,2.0,,,,,['I08N'],2019-12-05,2019-12-27,Akiko
1010,54.0,1.0,30.0,,  I08N,1230.0,2.0,20191218.0,238.0,-13.0969,80.0007,5003,299.3,12.6197,12.6205,2.0,34.7716,2.0,34.7707,2.0,80.3,2.0,80.4,2.0,32.85,2.0,26.04,2.0,0.01,2.0,1.8,2.0,0.02,2.0,1.364,2.0,0.831,2.0,0.012,2.0,0.621,2.0,2202.6,2.0,2307.1,2.0,,9.0,,9.0,14.4,2.0,431.6,2.0,0.0,2.0,0.0,2.0,1.489,1.0,,9.0,,9.0,,9.0,-0.004,2.0,99.639,2.0,12.6205,2.0,,,,,['I08N'],2019-12-05,2019-12-27,Akiko
1011,54.0,1.0,29.0,,  I08N,1229.0,2.0,20191218.0,238.0,-13.0969,80.0007,5003,400.9,10.7988,10.7996,2.0,34.8233,2.0,34.8221,2.0,96.2,2.0,96.2,2.0,30.57,2.0,26.94,2.0,0.01,2.0,1.84,2.0,0.02,2.0,1.433,2.0,0.881,2.0,0.016,2.0,0.589,2.0,2211.6,2.0,2310.5,2.0,,9.0,,9.0,21.7,2.0,443.3,2.0,0.0,2.0,0.0,2.0,1.446,1.0,,9.0,,9.0,,9.0,0.0,2.0,99.656,2.0,10.7996,2.0,,,,,['I08N'],2019-12-05,2019-12-27,Akiko
1012,54.0,1.0,28.0,,  I08N,1228.0,2.0,20191218.0,238.0,-13.0969,80.0007,5003,498.1,9.467,9.4701,2.0,34.7497,2.0,34.7456,2.0,117.4,2.0,119.5,2.0,30.2,2.0,27.37,2.0,0.01,2.0,1.86,2.0,0.02,2.0,1.562,2.0,0.925,2.0,0.027,2.0,0.512,2.0,2204.5,2.0,2308.0,2.0,,9.0,,9.0,13.5,2.0,441.8,2.0,0.0,2.0,0.0,2.0,1.393,1.0,,9.0,,9.0,,9.0,0.0,2.0,99.73,2.0,9.4701,2.0,,,,,['I08N'],2019-12-05,2019-12-27,Akiko
1013,54.0,1.0,27.0,,  I08N,1227.0,2.0,20191218.0,238.0,-13.0969,80.0007,5003,602.0,8.3368,8.337,2.0,34.7094,2.0,34.71,2.0,109.8,2.0,109.5,2.0,39.58,2.0,30.54,2.0,0.01,2.0,2.11,2.0,0.02,2.0,1.078,2.0,0.605,2.0,0.021,2.0,0.264,2.0,2224.2,2.0,2317.3,2.0,,9.0,,9.0,15.9,2.0,452.5,2.0,0.0,2.0,0.0,2.0,1.412,1.0,,9.0,,9.0,,9.0,0.0,2.0,99.77,2.0,8.337,2.0,,,,,['I08N'],2019-12-05,2019-12-27,Akiko
1014,54.0,1.0,26.0,,  I08N,1226.0,2.0,20191218.0,238.0,-13.0969,80.0007,5003,701.1,7.6587,7.658,2.0,34.7291,2.0,34.73,2.0,86.7,2.0,86.6,2.0,54.52,2.0,33.52,2.0,0.01,2.0,2.37,2.0,0.04,2.0,0.514,2.0,0.292,2.0,0.009,2.0,0.111,2.0,2253.3,6.0,2327.5,2.0,,9.0,,9.0,21.4,2.0,459.2,2.0,0.0,2.0,0.0,2.0,1.469,1.0,,9.0,,9.0,,9.0,0.0,2.0,99.764,2.0,7.658,2.0,,,,,['I08N'],2019-12-05,2019-12-27,Akiko
1015,54.0,1.0,25.0,,  I08N,1225.0,2.0,20191218.0,238.0,-13.0969,80.0007,5003,800.4,7.0135,7.0132,2.0,34.7265,2.0,34.7273,2.0,81.3,2.0,81.1,2.0,65.41,2.0,35.05,2.0,0.01,2.0,2.49,2.0,0.03,2.0,0.287,2.0,0.166,2.0,0.006,2.0,0.066,2.0,2268.2,2.0,2339.0,2.0,,9.0,,9.0,20.3,2.0,440.2,2.0,0.0,2.0,0.0,2.0,1.493,1.0,,9.0,,9.0,,9.0,0.0,2.0,99.789,2.0,7.0132,2.0,,,,,['I08N'],2019-12-05,2019-12-27,Akiko
1016,54.0,1.0,24.0,,  I08N,1224.0,2.0,20191218.0,238.0,-13.0969,80.0007,5003,900.3,6.4666,6.4667,2.0,34.726,2.0,34.7265,2.0,80.0,2.0,80.1,2.0,74.47,2.0,35.82,2.0,0.0,2.0,2.56,2.0,0.03,2.0,0.174,2.0,0.1,2.0,0.003,2.0,0.054,2.0,2277.0,2.0,2348.7,2.0,,9.0,,9.0,15.8,2.0,441.8,2.0,0.0,2.0,0.0,2.0,1.523,1.0,,9.0,,9.0,,9.0,0.0,2.0,99.793,2.0,6.4667,2.0,,,,,['I08N'],2019-12-05,2019-12-27,Akiko
1017,54.0,1.0,23.0,,  I08N,1223.0,2.0,20191218.0,238.0,-13.0969,80.0007,5003,1000.1,5.9953,5.997,2.0,34.7202,2.0,34.719,2.0,84.2,2.0,84.6,2.0,80.28,2.0,36.09,2.0,0.0,2.0,2.58,2.0,0.03,2.0,0.131,2.0,0.074,2.0,0.006,2.0,0.02,2.0,2282.3,2.0,2354.7,2.0,,9.0,,9.0,19.9,2.0,447.2,2.0,0.0,2.0,0.0,2.0,1.516,1.0,,9.0,,9.0,,9.0,0.0,2.0,99.825,2.0,5.997,2.0,,,,,['I08N'],2019-12-05,2019-12-27,Akiko
1018,54.0,1.0,22.0,,  I08N,1222.0,2.0,20191218.0,238.0,-13.0969,80.0007,5003,1200.3,5.1012,5.1011,2.0,34.7087,2.0,34.7088,2.0,89.7,2.0,90.0,2.0,92.79,2.0,36.69,2.0,0.0,2.0,2.63,2.0,0.02,2.0,0.054,2.0,0.028,2.0,0.001,2.0,0.0,2.0,2296.2,2.0,2366.6,6.0,,9.0,,9.0,26.0,2.0,455.4,2.0,0.0,2.0,0.0,2.0,1.546,1.0,,9.0,,9.0,,9.0,-0.001,2.0,99.844,2.0,5.1011,2.0,,,,,['I08N'],2019-12-05,2019-12-27,Akiko
1019,54.0,1.0,21.0,,  I08N,1221.0,2.0,20191218.0,238.0,-13.0969,80.0007,5003,1399.5,4.2505,4.2509,2.0,34.6955,2.0,34.696,2.0,102.2,2.0,102.5,2.0,101.26,2.0,36.69,2.0,0.0,2.0,2.62,2.0,0.02,2.0,0.022,2.0,0.009,2.0,0.001,2.0,0.007,2.0,2300.1,2.0,2374.3,2.0,,9.0,,9.0,16.1,2.0,457.8,2.0,0.0,2.0,0.0,2.0,1.521,1.0,,9.0,,9.0,,9.0,0.0,2.0,99.863,2.0,4.2509,2.0,,,,,['I08N'],2019-12-05,2019-12-27,Akiko
1020,54.0,1.0,20.0,,  I08N,1220.0,2.0,20191218.0,238.0,-13.0969,80.0007,5003,1600.4,3.5563,3.556,2.0,34.722,2.0,34.7221,2.0,117.2,2.0,117.1,2.0,105.67,2.0,36.09,2.0,0.01,2.0,2.56,2.0,0.02,2.0,0.021,2.0,0.007,2.0,0.001,2.0,0.001,2.0,2300.8,2.0,2378.3,2.0,,9.0,,9.0,20.1,2.0,460.1,2.0,0.0,2.0,0.0,2.0,1.504,1.0,,9.0,,9.0,,9.0,0.0,2.0,99.865,2.0,3.556,2.0,,,,,['I08N'],2019-12-05,2019-12-27,Akiko
1021,54.0,1.0,19.0,,  I08N,1219.0,2.0,20191218.0,238.0,-13.0969,80.0007,5003,1800.8,3.0096,3.0092,2.0,34.7295,2.0,34.7301,2.0,132.2,2.0,132.1,2.0,109.47,2.0,35.49,2.0,0.0,2.0,2.51,2.0,0.03,2.0,0.01,2.0,0.003,2.0,0.002,2.0,0.003,2.0,2299.8,2.0,2383.3,2.0,,9.0,,9.0,,9.0,,9.0,0.0,2.0,0.0,2.0,1.495,1.0,,9.0,,9.0,,9.0,-0.001,2.0,99.781,2.0,3.0092,2.0,,,,,['I08N'],2019-12-05,2019-12-27,Akiko
1022,54.0,1.0,18.0,,  I08N,1218.0,2.0,20191218.0,238.0,-13.0969,80.0007,5003,1999.7,2.6049,2.6048,2.0,34.7301,2.0,34.7305,2.0,142.6,2.0,142.5,2.0,113.78,2.0,35.09,2.0,0.0,2.0,2.47,2.0,0.02,2.0,0.014,2.0,0.004,2.0,0.002,2.0,0.003,2.0,2297.5,2.0,2388.6,2.0,,9.0,,9.0,,9.0,,9.0,0.0,2.0,0.0,2.0,1.468,1.0,,9.0,,9.0,,9.0,-0.001,2.0,99.886,2.0,2.6048,2.0,,,,,['I08N'],2019-12-05,2019-12-27,Akiko
1023,54.0,1.0,17.0,,  I08N,1217.0,2.0,20191218.0,238.0,-13.0969,80.0007,5003,2200.8,2.3238,2.3242,2.0,34.7347,2.0,34.7341,2.0,151.5,2.0,151.5,2.0,116.29,2.0,34.55,2.0,0.0,2.0,2.42,2.0,0.01,2.0,0.014,2.0,0.003,2.0,0.003,2.0,0.0,2.0,2296.1,2.0,2388.2,2.0,,9.0,,9.0,,9.0,,9.0,0.0,2.0,0.0,2.0,1.465,1.0,,9.0,,9.0,,9.0,-0.001,2.0,99.876,2.0,2.3242,2.0,,,,,['I08N'],2019-12-05,2019-12-27,Akiko
1024,54.0,1.0,16.0,,  I08N,1216.0,2.0,20191218.0,238.0,-13.0969,80.0007,5003,2400.8,2.1302,2.1301,2.0,34.7326,2.0,34.7328,2.0,158.1,2.0,158.2,2.0,118.09,2.0,34.22,2.0,0.01,2.0,2.38,2.0,0.01,2.0,0.011,2.0,0.003,2.0,0.001,2.0,0.014,2.0,2295.0,6.0,2389.7,2.0,,9.0,,9.0,,9.0,,9.0,0.0,2.0,0.0,2.0,1.465,1.0,,9.0,,9.0,,9.0,-0.001,2.0,99.888,2.0,2.1301,2.0,,,,,['I08N'],2019-12-05,2019-12-27,Akiko
1025,54.0,1.0,15.0,,  I08N,1215.0,2.0,20191218.0,238.0,-13.0969,80.0007,5003,2600.2,1.9481,1.948,2.0,34.7308,2.0,34.7308,2.0,164.3,2.0,164.3,2.0,119.36,2.0,33.98,2.0,0.01,2.0,2.36,2.0,0.01,2.0,0.013,2.0,0.004,2.0,0.001,2.0,0.008,2.0,2292.4,2.0,2392.1,2.0,,9.0,,9.0,,9.0,,9.0,0.0,2.0,0.0,2.0,1.442,1.0,,9.0,,9.0,,9.0,0.0,2.0,99.888,2.0,1.948,2.0,,,,,['I08N'],2019-12-05,2019-12-27,Akiko
1026,54.0,1.0,14.0,,  I08N,1214.0,2.0,20191218.0,238.0,-13.0969,80.0007,5003,2799.6,1.8044,1.8046,2.0,34.7283,2.0,34.7283,2.0,169.4,2.0,169.4,2.0,120.42,2.0,33.61,2.0,0.0,2.0,2.32,2.0,0.06,2.0,0.012,2.0,0.003,2.0,0.001,2.0,0.0,2.0,2292.9,2.0,2391.4,2.0,,9.0,,9.0,,9.0,,9.0,0.0,2.0,0.0,2.0,1.431,1.0,,9.0,,9.0,,9.0,-0.001,2.0,99.907,2.0,1.8046,2.0,,,,,['I08N'],2019-12-05,2019-12-27,Akiko
1027,54.0,1.0,13.0,,  I08N,1213.0,2.0,20191218.0,238.0,-13.0969,80.0007,5003,2999.2,1.6907,1.6912,2.0,34.7269,2.0,34.7277,2.0,171.2,2.0,171.1,2.0,123.69,4.0,33.76,2.0,0.0,2.0,2.33,2.0,0.04,2.0,0.013,2.0,0.003,2.0,0.0,2.0,0.003,2.0,2293.7,2.0,2396.3,2.0,,9.0,,9.0,,9.0,,9.0,0.0,2.0,0.0,2.0,1.443,1.0,,9.0,,9.0,,9.0,0.0,2.0,99.897,2.0,1.6912,2.0,,,,,['I08N'],2019-12-05,2019-12-27,Akiko
1028,54.0,1.0,12.0,,  I08N,1212.0,2.0,20191218.0,238.0,-13.0969,80.0007,5003,3250.1,1.5652,1.5656,2.0,34.7245,2.0,34.7243,2.0,173.8,2.0,173.7,2.0,127.64,2.0,33.84,2.0,0.0,2.0,2.33,2.0,0.03,2.0,0.01,2.0,0.002,2.0,0.0,2.0,0.005,2.0,2299.3,2.0,2401.4,6.0,,9.0,,9.0,,9.0,,9.0,0.0,2.0,0.0,2.0,1.429,1.0,,9.0,,9.0,,9.0,0.0,2.0,99.892,2.0,1.5656,2.0,,,,,['I08N'],2019-12-05,2019-12-27,Akiko
1029,54.0,1.0,11.0,,  I08N,1211.0,2.0,20191218.0,238.0,-13.0969,80.0007,5003,3499.5,1.4602,1.46,2.0,34.722,2.0,34.7219,2.0,177.6,2.0,177.4,2.0,129.25,2.0,33.73,2.0,0.0,2.0,2.32,2.0,0.02,2.0,0.013,2.0,0.004,2.0,0.002,2.0,0.003,2.0,2295.1,2.0,2402.4,2.0,,9.0,,9.0,,9.0,,9.0,0.0,2.0,0.0,2.0,1.431,1.0,,9.0,,9.0,,9.0,0.0,2.0,99.897,2.0,1.46,2.0,,,,,['I08N'],2019-12-05,2019-12-27,Akiko
1030,54.0,1.0,10.0,,  I08N,1210.0,2.0,20191218.0,238.0,-13.0969,80.0007,5003,3751.7,1.3767,1.3766,2.0,34.7194,2.0,34.7195,2.0,181.3,2.0,181.2,2.0,130.38,2.0,33.64,2.0,0.0,2.0,2.31,2.0,0.02,2.0,0.011,2.0,0.002,2.0,0.001,2.0,0.005,2.0,2295.8,2.0,2403.9,2.0,,9.0,,9.0,,9.0,,9.0,0.0,2.0,0.0,2.0,1.413,1.0,,9.0,,9.0,,9.0,-0.001,2.0,99.92,2.0,1.3766,2.0,,,,,['I08N'],2019-12-05,2019-12-27,Akiko
1031,54.0,1.0,9.0,,  I08N,1209.0,2.0,20191218.0,238.0,-13.0969,80.0007,5003,3998.4,1.355,1.355,2.0,34.7181,2.0,34.7182,2.0,181.8,2.0,181.7,2.0,132.0,2.0,33.75,2.0,0.0,2.0,2.31,2.0,0.03,2.0,0.013,2.0,0.003,2.0,0.0,2.0,0.026,2.0,2300.6,2.0,2404.1,2.0,,9.0,,9.0,,9.0,,9.0,0.0,2.0,0.0,2.0,1.425,1.0,,9.0,,9.0,,9.0,0.0,2.0,99.897,2.0,1.355,2.0,,,,,['I08N'],2019-12-05,2019-12-27,Akiko
1032,54.0,1.0,8.0,,  I08N,12103.0,2.0,20191218.0,238.0,-13.0969,80.0007,5003,4251.2,1.3612,1.3612,2.0,34.7175,2.0,34.7168,2.0,181.7,2.0,181.6,2.0,133.42,2.0,33.75,2.0,0.0,2.0,2.31,2.0,0.01,2.0,0.013,2.0,0.004,2.0,0.001,2.0,0.026,2.0,2298.0,6.0,2407.5,2.0,,9.0,,9.0,,9.0,,9.0,0.0,2.0,0.0,2.0,1.416,1.0,,9.0,,9.0,,9.0,0.0,2.0,99.905,2.0,1.3612,2.0,,,,,['I08N'],2019-12-05,2019-12-27,Akiko
1033,54.0,1.0,7.0,,  I08N,1207.0,2.0,20191218.0,238.0,-13.0969,80.0007,5003,4499.6,1.3833,1.3833,2.0,34.7172,2.0,34.7168,2.0,181.6,2.0,181.6,2.0,134.03,2.0,33.76,2.0,0.0,2.0,2.31,2.0,0.02,2.0,0.015,2.0,0.005,2.0,0.0,2.0,0.0,2.0,2297.8,2.0,2409.4,2.0,,9.0,,9.0,,9.0,,9.0,0.0,2.0,0.0,2.0,1.434,1.0,,9.0,,9.0,,9.0,-0.001,2.0,99.895,2.0,1.3833,2.0,,,,,['I08N'],2019-12-05,2019-12-27,Akiko
1034,54.0,1.0,6.0,,  I08N,1206.0,2.0,20191218.0,238.0,-13.0969,80.0007,5003,4751.2,1.41,1.41,2.0,34.7172,2.0,34.7168,2.0,181.4,2.0,181.4,2.0,134.02,2.0,33.69,2.0,0.0,2.0,2.31,2.0,0.02,2.0,0.011,2.0,0.005,2.0,0.001,2.0,0.013,2.0,2297.0,2.0,2408.8,6.0,,9.0,,9.0,,9.0,,9.0,0.0,2.0,0.0,2.0,1.441,1.0,,9.0,,9.0,,9.0,-0.001,2.0,99.895,2.0,1.41,2.0,,,,,['I08N'],2019-12-05,2019-12-27,Akiko
1035,54.0,1.0,5.0,,  I08N,1205.0,2.0,20191218.0,238.0,-13.0969,80.0007,5003,9.8,28.7102,28.7096,2.0,35.0187,2.0,,9.0,197.1,2.0,,9.0,,9.0,,9.0,,9.0,,9.0,,9.0,,9.0,,9.0,,9.0,,9.0,,9.0,,9.0,,9.0,,9.0,,9.0,,9.0,908.816,2.0,908.816,2.0,1.028,1.0,,9.0,,9.0,,9.0,0.018,2.0,98.887,2.0,28.7096,2.0,,,,,['I08N'],2019-12-05,2019-12-27,Akiko
1036,54.0,1.0,4.0,,  I08N,1204.0,2.0,20191218.0,238.0,-13.0969,80.0007,5003,9.8,28.7068,28.7067,2.0,35.0182,2.0,,9.0,197.1,2.0,,9.0,,9.0,,9.0,,9.0,,9.0,,9.0,,9.0,,9.0,,9.0,,9.0,,9.0,,9.0,,9.0,,9.0,,9.0,,9.0,952.806,2.0,952.806,2.0,1.028,1.0,,9.0,,9.0,,9.0,0.018,2.0,98.882,2.0,28.7067,2.0,,,,,['I08N'],2019-12-05,2019-12-27,Akiko
1037,54.0,1.0,3.0,,  I08N,1203.0,2.0,20191218.0,238.0,-13.0969,80.0007,5003,5080.6,1.4477,1.4477,2.0,34.7171,2.0,,9.0,181.3,2.0,,9.0,,9.0,,9.0,,9.0,,9.0,,9.0,,9.0,,9.0,,9.0,,9.0,,9.0,,9.0,,9.0,,9.0,,9.0,,9.0,0.0,2.0,0.0,2.0,1.446,1.0,,9.0,,9.0,,9.0,-0.001,2.0,99.876,2.0,1.4477,2.0,,,,,['I08N'],2019-12-05,2019-12-27,Akiko
1038,54.0,1.0,2.0,,  I08N,12046.0,2.0,20191218.0,238.0,-13.0969,80.0007,5003,5080.9,1.4477,1.4478,2.0,34.7171,2.0,,9.0,181.3,2.0,,9.0,,9.0,,9.0,,9.0,,9.0,,9.0,,9.0,,9.0,,9.0,,9.0,,9.0,,9.0,,9.0,,9.0,,9.0,,9.0,0.0,2.0,0.0,2.0,1.449,1.0,,9.0,,9.0,,9.0,-0.001,2.0,99.859,2.0,1.4478,2.0,,,,,['I08N'],2019-12-05,2019-12-27,Akiko
1039,54.0,1.0,1.0,,  I08N,1201.0,2.0,20191218.0,238.0,-13.0969,80.0007,5003,5080.6,1.4477,1.4478,2.0,34.7172,2.0,34.7167,2.0,181.3,2.0,181.4,2.0,133.64,2.0,33.61,2.0,0.0,2.0,2.31,2.0,0.02,2.0,0.015,2.0,0.005,2.0,0.0,2.0,0.0,2.0,2302.1,2.0,2411.0,2.0,,9.0,,9.0,,9.0,,9.0,0.0,2.0,0.0,2.0,1.439,1.0,,9.0,,9.0,,9.0,-0.001,2.0,99.861,2.0,1.4478,2.0,,,,,['I08N'],2019-12-05,2019-12-27,Akiko
1040,56.0,1.0,36.0,,  I08N,1236.0,2.0,20191218.0,2144.0,-13.9983,80.0025,5024,9.9,28.2928,28.2932,2.0,34.9733,2.0,34.972,2.0,199.0,2.0,198.8,2.0,1.9,2.0,0.06,2.0,0.01,2.0,0.1,2.0,0.08,2.0,1.449,2.0,0.926,2.0,0.126,2.0,1.414,2.0,1963.1,2.0,2293.1,2.0,73.1,2.0,0.06,2.0,,9.0,,9.0,2.638,2.0,2.638,2.0,1.081,1.0,0.151,2.0,0.071,2.0,0.01,2.0,0.043,2.0,98.87,2.0,28.2932,2.0,,,,,['I08N'],2019-12-05,2019-12-27,Akiko
1041,56.0,1.0,35.0,,  I08N,1235.0,2.0,20191218.0,2144.0,-13.9983,80.0025,5024,50.1,28.2815,28.2805,2.0,34.9719,2.0,34.9718,2.0,198.8,2.0,199.1,2.0,1.88,2.0,0.02,2.0,0.01,2.0,0.1,2.0,0.09,2.0,1.451,2.0,0.927,2.0,0.124,2.0,1.529,2.0,1964.5,2.0,2291.8,2.0,71.7,2.0,0.07,2.0,,9.0,,9.0,0.111,2.0,0.111,2.0,1.076,1.0,0.158,2.0,0.082,2.0,0.009,2.0,0.059,2.0,98.893,2.0,28.2805,2.0,,,,,['I08N'],2019-12-05,2019-12-27,Akiko
1042,56.0,1.0,34.0,,  I08N,1234.0,2.0,20191218.0,2144.0,-13.9983,80.0025,5024,100.6,25.1689,25.1661,2.0,34.8609,2.0,34.8636,2.0,210.6,2.0,210.9,2.0,2.06,2.0,0.01,2.0,0.01,2.0,0.09,2.0,0.09,2.0,1.655,2.0,1.044,2.0,0.134,2.0,1.64,2.0,1975.0,2.0,2290.3,2.0,75.2,2.0,0.2,2.0,,9.0,,9.0,0.0,2.0,0.0,2.0,1.085,1.0,0.235,2.0,0.124,2.0,0.015,2.0,0.191,2.0,98.695,2.0,25.1661,2.0,,,,,['I08N'],2019-12-05,2019-12-27,Akiko
1043,56.0,1.0,33.0,,  I08N,1233.0,2.0,20191218.0,2144.0,-13.9983,80.0025,5024,150.8,21.7363,21.7322,2.0,35.3657,2.0,35.368,2.0,181.6,2.0,181.1,2.0,4.18,2.0,2.95,2.0,0.17,2.0,0.31,2.0,0.08,2.0,1.187,2.0,0.729,2.0,0.076,2.0,1.058,2.0,2056.4,2.0,2320.6,2.0,66.5,2.0,0.18,2.0,,9.0,,9.0,0.0,2.0,0.0,2.0,1.248,1.0,0.255,2.0,0.148,2.0,0.024,2.0,0.185,2.0,99.207,2.0,21.7322,2.0,,,,,['I08N'],2019-12-05,2019-12-27,Akiko
1044,56.0,1.0,32.0,,  I08N,1232.0,2.0,20191218.0,2144.0,-13.9983,80.0025,5024,200.1,19.5425,19.5405,2.0,35.5299,2.0,35.5215,2.0,170.7,2.0,170.3,2.0,6.84,2.0,5.95,2.0,0.02,2.0,0.47,2.0,0.06,2.0,1.971,2.0,1.219,2.0,0.028,2.0,1.533,2.0,2091.6,2.0,2332.4,2.0,58.5,2.0,0.02,2.0,,9.0,,9.0,0.0,2.0,0.0,2.0,1.287,1.0,0.23,2.0,0.135,2.0,0.023,2.0,0.017,2.0,99.587,2.0,19.5405,2.0,,,,,['I08N'],2019-12-05,2019-12-27,Akiko
1045,56.0,1.0,31.0,,  I08N,1231.0,2.0,20191218.0,2144.0,-13.9983,80.0025,5024,249.9,17.2408,17.2394,2.0,35.5303,2.0,35.5182,2.0,171.7,2.0,171.4,2.0,8.69,2.0,7.79,2.0,0.01,2.0,0.61,2.0,0.06,2.0,2.078,2.0,1.283,2.0,0.02,2.0,1.542,2.0,2116.4,2.0,2339.0,2.0,56.2,2.0,0.0,2.0,,9.0,,9.0,0.0,2.0,0.0,2.0,1.296,1.0,,9.0,,9.0,,9.0,-0.005,2.0,99.724,2.0,17.2394,2.0,,,,,['I08N'],2019-12-05,2019-12-27,Akiko
1046,56.0,1.0,30.0,,  I08N,1230.0,2.0,20191218.0,2144.0,-13.9983,80.0025,5024,330.1,13.5491,13.5505,2.0,35.2272,2.0,35.2048,2.0,187.4,2.0,185.3,2.0,9.66,2.0,11.5,2.0,0.01,2.0,0.86,2.0,0.06,2.0,2.452,2.0,1.479,2.0,0.047,2.0,1.554,2.0,2137.3,2.0,2321.4,2.0,53.9,2.0,,9.0,,9.0,,9.0,0.0,2.0,0.0,2.0,1.279,1.0,0.224,2.0,0.124,2.0,0.02,2.0,-0.003,2.0,99.77,2.0,13.5505,2.0,,,,,['I08N'],2019-12-05,2019-12-27,Akiko
1047,56.0,1.0,29.0,,  I08N,1229.0,2.0,20191218.0,2144.0,-13.9983,80.0025,5024,429.7,10.4625,10.4624,2.0,34.8458,2.0,34.8406,2.0,211.7,2.0,213.0,2.0,7.36,2.0,15.63,2.0,0.01,2.0,1.1,2.0,0.05,2.0,3.113,2.0,1.804,2.0,0.098,2.0,1.546,2.0,2141.3,2.0,2301.5,2.0,51.0,2.0,,9.0,,9.0,,9.0,0.0,2.0,0.0,2.0,1.197,1.0,0.259,2.0,0.155,2.0,0.035,2.0,-0.001,2.0,99.795,2.0,10.4624,2.0,,,,,['I08N'],2019-12-05,2019-12-27,Akiko
1048,56.0,1.0,28.0,,  I08N,1228.0,2.0,20191218.0,2144.0,-13.9983,80.0025,5024,530.1,9.1772,9.1777,2.0,34.7093,2.0,34.7093,2.0,160.3,2.0,159.2,2.0,21.01,2.0,24.02,2.0,0.01,2.0,1.64,2.0,0.06,2.0,2.318,2.0,1.285,2.0,0.062,2.0,0.784,2.0,2180.3,2.0,2304.5,2.0,47.8,2.0,,9.0,,9.0,,9.0,0.0,2.0,0.0,2.0,1.297,1.0,0.266,2.0,0.147,2.0,0.03,2.0,0.0,2.0,99.787,2.0,9.1777,2.0,,,,,['I08N'],2019-12-05,2019-12-27,Akiko
1049,56.0,1.0,27.0,,  I08N,1227.0,2.0,20191218.0,2144.0,-13.9983,80.0025,5024,630.5,7.9918,7.9916,2.0,34.6527,2.0,34.6532,2.0,130.2,2.0,129.4,2.0,35.17,2.0,29.28,2.0,0.01,2.0,2.03,2.0,0.05,2.0,1.33,2.0,0.708,2.0,0.033,2.0,0.296,2.0,2211.9,2.0,2312.2,2.0,44.9,2.0,,9.0,,9.0,,9.0,0.0,2.0,0.0,2.0,1.359,1.0,0.265,2.0,0.147,2.0,0.025,2.0,0.0,2.0,99.8,2.0,7.9916,2.0,,,,,['I08N'],2019-12-05,2019-12-27,Akiko
1050,56.0,1.0,26.0,,  I08N,1226.0,2.0,20191218.0,2144.0,-13.9983,80.0025,5024,730.4,7.0962,7.0966,2.0,34.6852,2.0,34.6867,2.0,100.8,2.0,99.6,2.0,55.32,2.0,33.37,2.0,0.0,2.0,2.36,2.0,0.06,2.0,0.54,2.0,0.282,2.0,0.012,2.0,0.115,2.0,2249.0,6.0,2330.4,2.0,46.9,2.0,,9.0,,9.0,,9.0,0.0,2.0,0.0,2.0,1.437,1.0,,9.0,,9.0,,9.0,0.001,2.0,99.814,2.0,7.0966,2.0,,,,,['I08N'],2019-12-05,2019-12-27,Akiko
1051,56.0,1.0,25.0,,  I08N,1225.0,2.0,20191218.0,2144.0,-13.9983,80.0025,5024,830.8,6.5583,6.558,2.0,34.7037,2.0,34.7036,2.0,89.3,2.0,89.1,2.0,67.4,2.0,34.89,2.0,0.0,2.0,2.48,2.0,0.07,2.0,0.286,2.0,0.151,2.0,0.008,2.0,0.059,2.0,2265.9,2.0,2342.1,2.0,42.6,2.0,,9.0,,9.0,,9.0,0.0,2.0,0.0,2.0,1.48,1.0,0.315,2.0,0.164,2.0,0.029,2.0,0.0,2.0,99.819,2.0,6.558,2.0,,,,,['I08N'],2019-12-05,2019-12-27,Akiko
1052,56.0,1.0,24.0,,  I08N,1224.0,2.0,20191218.0,2144.0,-13.9983,80.0025,5024,928.5,6.0459,6.0459,2.0,34.7048,2.0,34.7047,2.0,86.5,2.0,86.3,2.0,76.88,2.0,35.81,2.0,0.01,2.0,2.55,2.0,0.06,2.0,0.161,2.0,0.085,2.0,0.015,2.0,0.003,2.0,2279.8,2.0,2353.4,2.0,43.6,2.0,,9.0,,9.0,,9.0,0.0,2.0,0.0,2.0,1.496,1.0,,9.0,,9.0,,9.0,0.0,2.0,99.831,2.0,6.0459,2.0,,,,,['I08N'],2019-12-05,2019-12-27,Akiko
1053,56.0,1.0,23.0,,  I08N,1223.0,2.0,20191218.0,2144.0,-13.9983,80.0025,5024,1069.5,5.259,5.26,2.0,34.689,2.0,34.6891,2.0,88.9,2.0,89.0,2.0,89.85,2.0,36.45,2.0,0.01,2.0,2.62,2.0,0.05,2.0,0.071,2.0,0.036,2.0,0.003,2.0,0.002,2.0,2296.5,2.0,2364.9,2.0,43.2,2.0,,9.0,,9.0,,9.0,0.0,2.0,0.0,2.0,1.525,1.0,0.332,2.0,0.173,2.0,0.031,2.0,-0.001,2.0,99.84,2.0,5.26,2.0,,,,,['I08N'],2019-12-05,2019-12-27,Akiko
1054,56.0,1.0,22.0,,  I08N,1222.0,2.0,20191218.0,2144.0,-13.9983,80.0025,5024,1269.8,4.5411,4.5397,2.0,34.6902,2.0,34.6907,2.0,98.0,2.0,98.0,2.0,97.32,2.0,36.46,2.0,0.01,2.0,2.61,2.0,0.04,2.0,0.033,2.0,0.017,2.0,0.003,2.0,0.0,2.0,2299.1,2.0,2373.4,6.0,36.0,2.0,,9.0,,9.0,,9.0,0.0,2.0,0.0,2.0,1.516,1.0,,9.0,,9.0,,9.0,0.0,2.0,99.855,2.0,4.5397,2.0,,,,,['I08N'],2019-12-05,2019-12-27,Akiko
1055,56.0,1.0,21.0,,  I08N,1221.0,2.0,20191218.0,2144.0,-13.9983,80.0025,5024,1469.5,3.8282,3.8276,2.0,34.6955,2.0,34.696,2.0,110.4,2.0,110.4,2.0,103.66,2.0,36.33,2.0,0.01,2.0,2.6,2.0,0.04,2.0,0.014,2.0,0.005,2.0,0.001,2.0,0.004,2.0,2302.1,2.0,2378.2,2.0,33.2,2.0,,9.0,,9.0,,9.0,0.0,2.0,0.0,2.0,1.515,1.0,0.322,2.0,0.164,2.0,0.029,2.0,-0.001,2.0,99.869,2.0,3.8276,2.0,,,,,['I08N'],2019-12-05,2019-12-27,Akiko
1056,56.0,1.0,20.0,,  I08N,1220.0,2.0,20191218.0,2144.0,-13.9983,80.0025,5024,1670.0,3.2154,3.2158,2.0,34.7164,2.0,34.7165,2.0,124.8,2.0,125.0,2.0,108.01,2.0,35.73,2.0,0.01,2.0,2.54,2.0,0.03,2.0,0.01,2.0,0.005,2.0,0.001,2.0,0.0,2.0,2300.4,2.0,2382.4,2.0,33.8,2.0,,9.0,,9.0,,9.0,0.0,2.0,0.0,2.0,1.499,1.0,,9.0,,9.0,,9.0,0.0,2.0,99.871,2.0,3.2158,2.0,,,,,['I08N'],2019-12-05,2019-12-27,Akiko
1057,56.0,1.0,19.0,,  I08N,1219.0,2.0,20191218.0,2144.0,-13.9983,80.0025,5024,1870.2,2.8125,2.812,2.0,34.7297,2.0,34.7302,2.0,135.6,2.0,135.8,2.0,111.67,2.0,35.17,2.0,0.01,2.0,2.49,2.0,0.05,2.0,0.01,2.0,0.003,2.0,0.002,2.0,0.0,2.0,2301.8,2.0,2384.5,2.0,35.4,2.0,,9.0,,9.0,,9.0,0.0,2.0,0.0,2.0,1.496,1.0,0.319,2.0,0.167,2.0,0.03,2.0,-0.001,2.0,99.863,2.0,2.812,2.0,,,,,['I08N'],2019-12-05,2019-12-27,Akiko
1058,56.0,1.0,18.0,,  I08N,1218.0,2.0,20191218.0,2144.0,-13.9983,80.0025,5024,2070.6,2.5026,2.5024,2.0,34.7358,2.0,34.7361,2.0,145.5,2.0,145.6,2.0,114.33,2.0,34.73,2.0,0.01,2.0,2.45,2.0,0.05,2.0,0.011,2.0,0.005,2.0,0.0,2.0,0.0,2.0,2298.7,2.0,2387.7,2.0,35.4,2.0,,9.0,,9.0,,9.0,0.0,2.0,0.0,2.0,1.458,1.0,,9.0,,9.0,,9.0,0.001,2.0,99.861,2.0,2.5024,2.0,,,,,['I08N'],2019-12-05,2019-12-27,Akiko
1059,56.0,1.0,17.0,,  I08N,1217.0,2.0,20191218.0,2144.0,-13.9983,80.0025,5024,2270.6,2.2182,2.2181,2.0,34.7352,2.0,34.7353,2.0,154.7,2.0,155.0,2.0,116.77,2.0,34.31,2.0,0.0,2.0,2.4,2.0,0.05,2.0,0.011,2.0,0.003,2.0,0.0,2.0,0.006,2.0,2294.8,2.0,2389.9,2.0,39.0,2.0,,9.0,,9.0,,9.0,0.0,2.0,0.0,2.0,1.473,1.0,0.308,2.0,0.163,2.0,0.029,2.0,-0.001,2.0,99.876,2.0,2.2181,2.0,,,,,['I08N'],2019-12-05,2019-12-27,Akiko
1060,56.0,1.0,16.0,,  I08N,1216.0,2.0,20191218.0,2144.0,-13.9983,80.0025,5024,2470.6,2.0156,2.0158,2.0,34.7319,2.0,34.7313,2.0,162.2,2.0,162.5,2.0,118.05,2.0,33.93,2.0,0.0,2.0,2.36,2.0,0.06,2.0,0.015,2.0,0.005,2.0,0.001,2.0,0.0,2.0,2292.7,6.0,2390.7,2.0,36.0,2.0,,9.0,,9.0,,9.0,0.0,2.0,0.0,2.0,1.448,1.0,,9.0,,9.0,,9.0,-0.001,2.0,99.876,2.0,2.0158,2.0,,,,,['I08N'],2019-12-05,2019-12-27,Akiko
1061,56.0,1.0,15.0,,  I08N,1215.0,2.0,20191218.0,2144.0,-13.9983,80.0025,5024,2670.4,1.876,1.8759,2.0,34.7298,2.0,34.7292,2.0,167.0,2.0,167.3,2.0,119.75,2.0,33.82,2.0,0.01,2.0,2.35,2.0,0.08,2.0,0.011,2.0,0.004,2.0,0.0,2.0,0.006,2.0,2291.8,2.0,2393.7,2.0,35.7,2.0,,9.0,,9.0,,9.0,0.0,2.0,0.0,2.0,1.435,1.0,0.312,2.0,0.163,2.0,0.027,2.0,0.0,2.0,99.884,2.0,1.8759,2.0,,,,,['I08N'],2019-12-05,2019-12-27,Akiko
1062,56.0,1.0,14.0,,  I08N,1214.0,2.0,20191218.0,2144.0,-13.9983,80.0025,5024,2870.5,1.7541,1.7541,2.0,34.7279,2.0,34.7274,2.0,170.2,2.0,170.6,2.0,121.45,2.0,33.51,2.0,0.0,2.0,2.32,2.0,0.04,2.0,0.011,2.0,0.004,2.0,0.001,2.0,0.0,2.0,2292.4,2.0,2391.7,2.0,33.4,2.0,,9.0,,9.0,,9.0,0.0,2.0,0.0,2.0,1.432,1.0,,9.0,,9.0,,9.0,0.0,2.0,99.897,2.0,1.7541,2.0,,,,,['I08N'],2019-12-05,2019-12-27,Akiko
1063,56.0,1.0,13.0,,  I08N,1213.0,2.0,20191218.0,2144.0,-13.9983,80.0025,5024,3080.2,1.6296,1.6299,2.0,34.7257,2.0,34.7253,2.0,172.2,2.0,172.6,2.0,125.05,2.0,33.72,2.0,0.01,2.0,2.33,2.0,0.06,2.0,0.012,2.0,0.003,2.0,0.004,2.0,0.007,2.0,2294.4,2.0,2399.2,2.0,37.3,2.0,,9.0,,9.0,,9.0,0.0,2.0,0.0,2.0,1.438,1.0,0.29,2.0,0.149,2.0,0.028,2.0,-0.001,2.0,99.897,2.0,1.6299,2.0,,,,,['I08N'],2019-12-05,2019-12-27,Akiko
1064,56.0,1.0,12.0,,  I08N,1212.0,2.0,20191218.0,2144.0,-13.9983,80.0025,5024,3330.1,1.5014,1.5012,2.0,34.7232,2.0,34.7237,2.0,176.3,2.0,176.6,2.0,127.23,2.0,33.64,2.0,0.01,2.0,2.32,2.0,0.05,2.0,0.01,2.0,0.003,2.0,0.001,2.0,0.0,2.0,2295.1,2.0,2403.8,6.0,34.5,2.0,,9.0,,9.0,,9.0,0.0,2.0,0.0,2.0,1.423,1.0,,9.0,,9.0,,9.0,0.0,2.0,99.907,2.0,1.5012,2.0,,,,,['I08N'],2019-12-05,2019-12-27,Akiko
1065,56.0,1.0,11.0,,  I08N,1211.0,2.0,20191218.0,2144.0,-13.9983,80.0025,5024,3580.5,1.4035,1.4035,2.0,34.7209,2.0,34.7203,2.0,180.7,2.0,181.1,2.0,128.14,2.0,33.45,2.0,0.0,2.0,2.3,2.0,0.06,2.0,0.011,2.0,0.005,2.0,0.002,2.0,0.0,2.0,2294.6,2.0,2402.9,2.0,40.6,2.0,,9.0,,9.0,,9.0,0.0,2.0,0.0,2.0,1.424,1.0,0.293,2.0,0.146,2.0,0.022,2.0,0.0,2.0,99.909,2.0,1.4035,2.0,,,,,['I08N'],2019-12-05,2019-12-27,Akiko
1066,56.0,1.0,10.0,,  I08N,1210.0,2.0,20191218.0,2144.0,-13.9983,80.0025,5024,3829.4,1.3618,1.3618,2.0,34.7189,2.0,34.719,2.0,181.8,2.0,182.1,2.0,130.32,2.0,33.45,2.0,0.01,2.0,2.31,2.0,0.1,2.0,0.011,2.0,0.003,2.0,0.001,2.0,0.0,2.0,2295.4,2.0,2404.4,2.0,36.7,2.0,,9.0,,9.0,,9.0,0.0,2.0,0.0,2.0,1.418,1.0,,9.0,,9.0,,9.0,0.0,2.0,99.897,2.0,1.3618,2.0,,,,,['I08N'],2019-12-05,2019-12-27,Akiko
1067,56.0,1.0,9.0,,  I08N,1209.0,2.0,20191218.0,2144.0,-13.9983,80.0025,5024,4079.8,1.3566,1.3566,2.0,34.7178,2.0,34.7179,2.0,181.9,2.0,182.2,2.0,131.51,2.0,33.53,2.0,0.01,2.0,2.3,2.0,0.09,2.0,0.011,2.0,0.005,2.0,0.001,2.0,0.009,2.0,2296.3,2.0,2406.4,2.0,34.3,2.0,,9.0,,9.0,,9.0,0.0,2.0,0.0,2.0,1.43,1.0,0.297,2.0,0.155,2.0,0.028,2.0,-0.001,2.0,99.901,2.0,1.3566,2.0,,,,,['I08N'],2019-12-05,2019-12-27,Akiko
1068,56.0,1.0,8.0,,  I08N,12103.0,2.0,20191218.0,2144.0,-13.9983,80.0025,5024,4329.6,1.3718,1.3718,2.0,34.7174,2.0,34.7168,2.0,181.7,2.0,182.1,2.0,132.53,2.0,33.58,2.0,0.0,2.0,2.31,2.0,0.07,2.0,0.014,2.0,0.005,2.0,0.001,2.0,0.0,2.0,2299.2,6.0,2409.5,2.0,39.6,2.0,,9.0,,9.0,,9.0,0.0,2.0,0.0,2.0,1.426,1.0,,9.0,,9.0,,9.0,-0.001,2.0,99.895,2.0,1.3718,2.0,,,,,['I08N'],2019-12-05,2019-12-27,Akiko
1069,56.0,1.0,7.0,,  I08N,1207.0,2.0,20191218.0,2144.0,-13.9983,80.0025,5024,4583.3,1.3942,1.3942,2.0,34.7172,2.0,34.7171,2.0,181.5,2.0,181.8,2.0,133.24,2.0,33.68,2.0,0.0,2.0,2.31,2.0,0.07,2.0,0.012,2.0,0.005,2.0,0.004,2.0,0.006,2.0,2299.7,2.0,2408.0,2.0,39.5,2.0,,9.0,,9.0,,9.0,0.0,2.0,0.0,2.0,1.427,1.0,0.304,2.0,0.164,2.0,0.03,2.0,0.0,2.0,99.89,2.0,1.3942,2.0,,,,,['I08N'],2019-12-05,2019-12-27,Akiko
1070,56.0,1.0,6.0,,  I08N,1206.0,2.0,20191218.0,2144.0,-13.9983,80.0025,5024,4830.2,1.4206,1.4206,2.0,34.7172,2.0,34.7169,2.0,181.3,2.0,181.8,2.0,133.6,2.0,33.64,2.0,0.0,2.0,2.31,2.0,0.06,2.0,0.011,2.0,0.005,2.0,0.0,2.0,0.021,2.0,2298.9,2.0,2407.6,6.0,36.8,2.0,,9.0,,9.0,,9.0,0.0,2.0,0.0,2.0,1.434,1.0,,9.0,,9.0,,9.0,-0.001,2.0,99.882,2.0,1.4206,2.0,,,,,['I08N'],2019-12-05,2019-12-27,Akiko
1071,56.0,1.0,5.0,,  I08N,1205.0,2.0,20191218.0,2144.0,-13.9983,80.0025,5024,9.9,28.2916,28.2894,2.0,34.9733,2.0,,9.0,198.9,2.0,,9.0,,9.0,,9.0,,9.0,,9.0,,9.0,,9.0,,9.0,,9.0,,9.0,,9.0,,9.0,,9.0,,9.0,,9.0,,9.0,2.684,2.0,2.684,2.0,1.098,1.0,,9.0,,9.0,,9.0,0.043,2.0,98.87,2.0,28.2894,2.0,,,,,['I08N'],2019-12-05,2019-12-27,Akiko
1072,56.0,1.0,4.0,,  I08N,1204.0,2.0,20191218.0,2144.0,-13.9983,80.0025,5024,9.9,28.2955,28.2933,2.0,34.9732,2.0,,9.0,199.0,2.0,,9.0,,9.0,,9.0,,9.0,,9.0,,9.0,,9.0,,9.0,,9.0,,9.0,,9.0,,9.0,,9.0,,9.0,,9.0,,9.0,2.676,2.0,2.676,2.0,1.109,1.0,,9.0,,9.0,,9.0,0.045,2.0,98.889,2.0,28.2933,2.0,,,,,['I08N'],2019-12-05,2019-12-27,Akiko
1073,56.0,1.0,3.0,,  I08N,1203.0,2.0,20191218.0,2144.0,-13.9983,80.0025,5024,5087.9,1.4489,1.4489,2.0,34.7171,2.0,,9.0,181.2,2.0,,9.0,,9.0,,9.0,,9.0,,9.0,,9.0,,9.0,,9.0,,9.0,,9.0,,9.0,,9.0,,9.0,,9.0,,9.0,,9.0,0.0,2.0,0.0,2.0,1.443,1.0,,9.0,,9.0,,9.0,-0.001,2.0,99.871,2.0,1.4489,2.0,,,,,['I08N'],2019-12-05,2019-12-27,Akiko
1074,56.0,1.0,2.0,,  I08N,12046.0,2.0,20191218.0,2144.0,-13.9983,80.0025,5024,5087.5,1.449,1.449,2.0,34.7172,2.0,,9.0,181.2,2.0,,9.0,,9.0,,9.0,,9.0,,9.0,,9.0,,9.0,,9.0,,9.0,,9.0,,9.0,,9.0,,9.0,,9.0,,9.0,,9.0,0.0,2.0,0.0,2.0,1.445,1.0,,9.0,,9.0,,9.0,-0.001,2.0,99.869,2.0,1.449,2.0,,,,,['I08N'],2019-12-05,2019-12-27,Akiko
1075,56.0,1.0,1.0,,  I08N,1201.0,2.0,20191218.0,2144.0,-13.9983,80.0025,5024,5087.4,1.4491,1.4492,2.0,34.7172,2.0,34.7172,2.0,181.2,2.0,181.8,2.0,133.75,2.0,33.73,2.0,0.01,2.0,2.32,2.0,0.05,2.0,0.012,2.0,0.005,2.0,0.004,2.0,0.022,2.0,2298.4,2.0,2410.7,2.0,40.4,2.0,,9.0,,9.0,,9.0,0.0,2.0,0.0,2.0,1.444,1.0,0.285,2.0,0.147,2.0,0.024,2.0,-0.001,2.0,99.871,2.0,1.4492,2.0,,,,,['I08N'],2019-12-05,2019-12-27,Akiko
1076,58.0,1.0,36.0,,  I08N,1236.0,2.0,20191219.0,929.0,-14.9988,80.002,5111,10.1,28.3462,28.3445,2.0,34.9726,2.0,34.9713,2.0,199.3,2.0,199.0,2.0,1.88,2.0,0.08,2.0,0.01,2.0,0.1,2.0,0.04,2.0,1.379,2.0,0.914,2.0,0.12,2.0,1.563,2.0,1964.2,2.0,2290.4,2.0,,9.0,0.05,2.0,37.2,2.0,302.0,2.0,90.791,2.0,90.791,2.0,1.097,1.0,,9.0,,9.0,,9.0,0.045,2.0,98.655,2.0,28.3445,2.0,,,,,['I08N'],2019-12-05,2019-12-27,Akiko
1077,58.0,1.0,35.0,,  I08N,1235.0,2.0,20191219.0,929.0,-14.9988,80.002,5111,49.8,27.9452,27.945,2.0,34.9621,2.0,34.9608,2.0,203.5,2.0,203.6,2.0,1.84,2.0,0.02,2.0,0.01,2.0,0.1,2.0,0.05,2.0,1.418,2.0,0.93,2.0,0.121,2.0,1.606,2.0,1963.7,2.0,2290.9,2.0,,9.0,0.08,2.0,28.8,2.0,308.6,2.0,16.506,2.0,16.506,2.0,1.045,1.0,,9.0,,9.0,,9.0,0.119,2.0,98.503,2.0,27.945,2.0,,,,,['I08N'],2019-12-05,2019-12-27,Akiko
1078,58.0,1.0,34.0,,  I08N,1234.0,2.0,20191219.0,929.0,-14.9988,80.002,5111,100.0,24.1397,24.1501,2.0,34.8666,2.0,34.9045,2.0,180.2,2.0,183.2,2.0,4.17,2.0,1.69,2.0,0.08,2.0,0.27,2.0,0.07,2.0,1.602,2.0,1.031,2.0,0.109,2.0,1.668,2.0,2014.8,2.0,2292.7,2.0,,9.0,0.4,2.0,35.9,2.0,323.0,2.0,1.807,2.0,1.807,2.0,1.251,1.0,,9.0,,9.0,,9.0,0.541,2.0,98.151,2.0,24.1501,2.0,,,,,['I08N'],2019-12-05,2019-12-27,Akiko
1079,58.0,1.0,33.0,,  I08N,1233.0,2.0,20191219.0,929.0,-14.9988,80.002,5111,150.8,21.8567,21.8612,2.0,35.3651,2.0,35.3469,2.0,181.3,2.0,176.4,2.0,4.81,2.0,3.76,2.0,0.15,2.0,0.35,2.0,0.07,2.0,1.765,2.0,1.138,2.0,0.093,2.0,1.678,2.0,2057.5,2.0,2316.6,2.0,,9.0,0.16,2.0,39.2,2.0,369.7,2.0,0.0,2.0,0.0,2.0,1.257,1.0,,9.0,,9.0,,9.0,0.186,2.0,99.251,2.0,21.8612,2.0,,,,,['I08N'],2019-12-05,2019-12-27,Akiko
1080,58.0,1.0,32.0,,  I08N,1232.0,2.0,20191219.0,929.0,-14.9988,80.002,5111,198.9,19.5116,19.5126,2.0,35.518,2.0,35.5315,2.0,168.4,2.0,170.1,2.0,6.59,2.0,5.94,2.0,0.01,2.0,0.46,2.0,0.06,2.0,1.896,2.0,1.195,2.0,0.015,2.0,1.623,2.0,2092.9,2.0,2335.0,2.0,,9.0,0.01,2.0,37.7,2.0,430.8,2.0,0.0,2.0,0.0,2.0,1.286,1.0,,9.0,,9.0,,9.0,0.009,2.0,99.597,2.0,19.5126,2.0,,,,,['I08N'],2019-12-05,2019-12-27,Akiko
1081,58.0,1.0,31.0,,  I08N,1231.0,2.0,20191219.0,929.0,-14.9988,80.002,5111,250.4,16.7621,16.7503,2.0,35.3981,2.0,35.4047,2.0,159.9,2.0,159.9,2.0,11.37,2.0,9.86,2.0,0.01,2.0,0.73,2.0,0.05,2.0,1.854,2.0,1.224,2.0,0.017,2.0,1.527,2.0,2125.0,2.0,2331.4,2.0,,9.0,0.0,2.0,26.0,2.0,426.4,2.0,0.0,2.0,0.0,2.0,1.324,1.0,,9.0,,9.0,,9.0,-0.005,2.0,99.69,2.0,16.7503,2.0,,,,,['I08N'],2019-12-05,2019-12-27,Akiko
1082,58.0,1.0,30.0,,  I08N,1230.0,2.0,20191219.0,929.0,-14.9988,80.002,5111,279.8,15.1204,15.1572,2.0,35.2258,2.0,35.234,2.0,147.4,2.0,149.9,2.0,15.9,2.0,13.42,2.0,0.01,2.0,0.97,2.0,0.03,2.0,2.059,2.0,1.204,2.0,0.016,2.0,1.311,2.0,2146.1,2.0,2323.2,2.0,,9.0,,9.0,24.7,2.0,430.2,2.0,0.0,2.0,0.0,2.0,1.356,1.0,,9.0,,9.0,,9.0,-0.005,2.0,99.709,2.0,15.1572,2.0,,,,,['I08N'],2019-12-05,2019-12-27,Akiko
1083,58.0,1.0,29.0,,  I08N,1229.0,2.0,20191219.0,929.0,-14.9988,80.002,5111,368.6,12.0774,12.0772,2.0,35.0208,2.0,35.0272,2.0,169.6,2.0,173.2,2.0,13.58,2.0,15.7,2.0,0.01,2.0,1.12,2.0,0.03,2.0,2.566,2.0,1.439,2.0,0.044,2.0,1.415,2.0,2154.4,2.0,2316.3,2.0,,9.0,,9.0,30.9,2.0,449.8,2.0,0.0,2.0,0.0,2.0,1.302,1.0,,9.0,,9.0,,9.0,-0.002,2.0,99.739,2.0,12.0772,2.0,,,,,['I08N'],2019-12-05,2019-12-27,Akiko
1084,58.0,1.0,28.0,,  I08N,1228.0,2.0,20191219.0,929.0,-14.9988,80.002,5111,469.4,9.911,9.9143,2.0,34.7741,2.0,34.7685,2.0,190.3,2.0,192.9,2.0,12.49,2.0,19.16,2.0,0.01,2.0,1.31,2.0,0.03,2.0,3.009,2.0,1.63,2.0,0.082,2.0,1.167,2.0,2159.6,2.0,2302.5,2.0,,9.0,,9.0,35.1,2.0,454.0,2.0,0.0,2.0,0.0,2.0,1.247,1.0,,9.0,,9.0,,9.0,-0.001,2.0,99.793,2.0,9.9143,2.0,,,,,['I08N'],2019-12-05,2019-12-27,Akiko
1085,58.0,1.0,27.0,,  I08N,1227.0,2.0,20191219.0,929.0,-14.9988,80.002,5111,569.7,8.5005,8.5,2.0,34.6352,2.0,34.6312,2.0,179.6,2.0,180.0,2.0,18.14,2.0,23.84,2.0,0.01,2.0,1.62,2.0,0.03,2.0,2.493,2.0,1.358,2.0,0.063,2.0,0.881,2.0,2171.8,2.0,2298.5,2.0,,9.0,,9.0,31.5,2.0,446.5,2.0,0.0,2.0,0.0,2.0,1.263,1.0,,9.0,,9.0,,9.0,-0.001,2.0,99.838,2.0,8.5,2.0,,,,,['I08N'],2019-12-05,2019-12-27,Akiko
1086,58.0,1.0,26.0,,  I08N,1226.0,2.0,20191219.0,929.0,-14.9988,80.002,5111,670.6,7.3557,7.3575,2.0,34.6405,2.0,34.6427,2.0,129.9,2.0,128.3,2.0,41.42,2.0,30.64,2.0,0.01,2.0,2.13,2.0,0.03,2.0,1.07,2.0,0.583,2.0,0.024,2.0,0.26,2.0,2222.4,6.0,2315.4,2.0,,9.0,,9.0,24.9,2.0,450.7,2.0,0.0,2.0,0.0,2.0,1.359,1.0,,9.0,,9.0,,9.0,0.0,2.0,99.819,2.0,7.3575,2.0,,,,,['I08N'],2019-12-05,2019-12-27,Akiko
1087,58.0,1.0,25.0,,  I08N,1225.0,2.0,20191219.0,929.0,-14.9988,80.002,5111,769.2,6.7577,6.7584,2.0,34.6971,2.0,34.6993,2.0,96.8,2.0,95.8,2.0,61.62,2.0,34.15,2.0,0.01,2.0,2.42,2.0,0.07,2.0,0.399,2.0,0.222,2.0,0.008,2.0,0.095,2.0,2259.1,2.0,2337.1,2.0,,9.0,,9.0,25.9,2.0,459.3,2.0,0.0,2.0,0.0,2.0,1.458,1.0,,9.0,,9.0,,9.0,0.001,2.0,99.819,2.0,6.7584,2.0,,,,,['I08N'],2019-12-05,2019-12-27,Akiko
1088,58.0,1.0,24.0,,  I08N,1224.0,2.0,20191219.0,929.0,-14.9988,80.002,5111,869.4,6.1409,6.1411,2.0,34.7083,2.0,34.7102,2.0,90.2,2.0,89.4,2.0,73.83,2.0,35.51,2.0,0.0,2.0,2.53,2.0,0.06,2.0,0.166,2.0,0.111,2.0,0.005,2.0,0.035,2.0,2275.5,2.0,2349.8,2.0,,9.0,,9.0,32.2,2.0,474.6,2.0,0.0,2.0,0.0,2.0,1.495,1.0,,9.0,,9.0,,9.0,0.0,2.0,99.817,2.0,6.1411,2.0,,,,,['I08N'],2019-12-05,2019-12-27,Akiko
1089,58.0,1.0,23.0,,  I08N,1223.0,2.0,20191219.0,929.0,-14.9988,80.002,5111,969.8,5.6519,5.6519,2.0,34.7027,2.0,34.7046,2.0,87.3,2.0,87.6,2.0,83.7,2.0,36.32,2.0,0.01,2.0,2.59,2.0,0.05,2.0,0.104,2.0,0.061,2.0,0.003,2.0,0.021,2.0,2286.9,2.0,2359.1,2.0,,9.0,,9.0,33.1,2.0,467.8,2.0,0.0,2.0,0.0,2.0,1.507,1.0,,9.0,,9.0,,9.0,0.0,2.0,99.825,2.0,5.6519,2.0,,,,,['I08N'],2019-12-05,2019-12-27,Akiko
1090,58.0,1.0,22.0,,  I08N,1222.0,2.0,20191219.0,929.0,-14.9988,80.002,5111,1129.3,5.0424,5.0437,2.0,34.7134,2.0,34.7131,2.0,93.7,2.0,93.8,2.0,90.19,2.0,36.37,2.0,0.01,2.0,2.6,2.0,0.05,2.0,0.066,2.0,0.034,2.0,0.008,2.0,0.009,2.0,2293.8,2.0,2367.2,6.0,,9.0,,9.0,28.6,2.0,473.1,2.0,0.0,2.0,0.0,2.0,1.521,1.0,,9.0,,9.0,,9.0,0.0,2.0,99.848,2.0,5.0437,2.0,,,,,['I08N'],2019-12-05,2019-12-27,Akiko
1091,58.0,1.0,21.0,,  I08N,1221.0,2.0,20191219.0,929.0,-14.9988,80.002,5111,1330.7,4.2246,4.226,2.0,34.6992,2.0,34.6999,2.0,104.3,2.0,104.4,2.0,99.32,2.0,36.41,2.0,0.01,2.0,2.6,2.0,0.04,2.0,0.026,2.0,0.011,2.0,0.003,2.0,0.004,2.0,2299.7,2.0,2374.8,2.0,,9.0,,9.0,66.2,2.0,463.3,2.0,0.0,2.0,0.0,2.0,1.512,1.0,,9.0,,9.0,,9.0,0.0,2.0,99.85,2.0,4.226,2.0,,,,,['I08N'],2019-12-05,2019-12-27,Akiko
1092,58.0,1.0,20.0,,  I08N,1220.0,2.0,20191219.0,929.0,-14.9988,80.002,5111,1530.7,3.5621,3.5627,2.0,34.7071,2.0,34.7075,2.0,118.4,2.0,118.6,2.0,103.78,2.0,36.16,2.0,0.01,2.0,2.56,2.0,0.04,2.0,0.012,2.0,0.004,2.0,0.002,2.0,0.003,2.0,2298.4,2.0,2379.2,2.0,,9.0,,9.0,31.3,2.0,482.2,2.0,0.0,2.0,0.0,2.0,1.507,1.0,,9.0,,9.0,,9.0,-0.001,2.0,99.861,2.0,3.5627,2.0,,,,,['I08N'],2019-12-05,2019-12-27,Akiko
1093,58.0,1.0,19.0,,  I08N,1219.0,2.0,20191219.0,929.0,-14.9988,80.002,5111,1728.9,3.0855,3.0863,2.0,34.7188,2.0,34.7191,2.0,129.4,2.0,129.5,2.0,108.24,2.0,35.6,2.0,0.01,2.0,2.52,2.0,0.03,2.0,0.011,2.0,0.004,2.0,0.003,2.0,0.006,2.0,2298.4,2.0,2384.1,2.0,,9.0,,9.0,,9.0,,9.0,0.0,2.0,0.0,2.0,1.495,1.0,,9.0,,9.0,,9.0,0.0,2.0,99.871,2.0,3.0863,2.0,,,,,['I08N'],2019-12-05,2019-12-27,Akiko
1094,58.0,1.0,18.0,,  I08N,1218.0,2.0,20191219.0,929.0,-14.9988,80.002,5111,1930.7,2.735,2.736,2.0,34.7274,2.0,34.7269,2.0,139.1,2.0,139.2,2.0,111.33,2.0,35.06,2.0,0.01,2.0,2.47,2.0,0.04,2.0,0.012,2.0,0.004,2.0,0.001,2.0,0.002,2.0,2296.6,2.0,2390.0,2.0,,9.0,,9.0,,9.0,,9.0,0.0,2.0,0.0,2.0,1.474,1.0,,9.0,,9.0,,9.0,0.0,2.0,99.867,2.0,2.736,2.0,,,,,['I08N'],2019-12-05,2019-12-27,Akiko
1095,58.0,1.0,17.0,,  I08N,1217.0,2.0,20191219.0,929.0,-14.9988,80.002,5111,2129.6,2.4041,2.4044,2.0,34.7315,2.0,34.7315,2.0,149.1,2.0,149.1,2.0,114.85,2.0,34.66,2.0,0.01,2.0,2.43,2.0,0.04,2.0,0.013,2.0,0.003,2.0,0.003,2.0,0.02,2.0,2296.5,2.0,2389.6,2.0,,9.0,,9.0,,9.0,,9.0,0.0,2.0,0.0,2.0,1.463,1.0,,9.0,,9.0,,9.0,-0.001,2.0,99.873,2.0,2.4044,2.0,,,,,['I08N'],2019-12-05,2019-12-27,Akiko
1096,58.0,1.0,16.0,,  I08N,1216.0,2.0,20191219.0,929.0,-14.9988,80.002,5111,2330.1,2.1461,2.1461,2.0,34.732,2.0,34.7317,2.0,157.5,2.0,157.6,2.0,117.02,2.0,34.29,2.0,0.0,2.0,2.39,2.0,0.05,2.0,0.013,2.0,0.004,2.0,0.003,2.0,0.008,2.0,2295.4,6.0,2392.6,2.0,,9.0,,9.0,,9.0,,9.0,0.0,2.0,0.0,2.0,1.459,1.0,,9.0,,9.0,,9.0,-0.001,2.0,99.882,2.0,2.1461,2.0,,,,,['I08N'],2019-12-05,2019-12-27,Akiko
1097,58.0,1.0,15.0,,  I08N,1215.0,2.0,20191219.0,929.0,-14.9988,80.002,5111,2530.8,1.966,1.9658,2.0,34.7304,2.0,34.73,2.0,163.8,2.0,163.9,2.0,118.6,2.0,33.94,2.0,0.0,2.0,2.36,2.0,0.06,2.0,0.023,2.0,0.009,2.0,0.002,2.0,0.011,2.0,2295.9,2.0,2394.9,2.0,,9.0,,9.0,,9.0,,9.0,0.0,2.0,0.0,2.0,1.439,1.0,,9.0,,9.0,,9.0,0.0,2.0,99.871,2.0,1.9658,2.0,,,,,['I08N'],2019-12-05,2019-12-27,Akiko
1098,58.0,1.0,14.0,,  I08N,1214.0,2.0,20191219.0,929.0,-14.9988,80.002,5111,2731.1,1.8321,1.8326,2.0,34.7289,2.0,34.7284,2.0,168.0,2.0,168.0,2.0,120.27,2.0,33.78,2.0,0.01,2.0,2.34,2.0,0.04,2.0,0.014,2.0,0.004,2.0,0.001,2.0,0.002,2.0,2291.5,2.0,2394.0,2.0,,9.0,,9.0,,9.0,,9.0,0.0,2.0,0.0,2.0,1.433,1.0,,9.0,,9.0,,9.0,0.0,2.0,99.871,2.0,1.8326,2.0,,,,,['I08N'],2019-12-05,2019-12-27,Akiko
1099,58.0,1.0,13.0,,  I08N,1213.0,2.0,20191219.0,929.0,-14.9988,80.002,5111,2930.3,1.7174,1.7183,2.0,34.7271,2.0,34.7265,2.0,170.6,2.0,170.5,2.0,122.73,2.0,33.71,2.0,0.01,2.0,2.33,2.0,0.04,2.0,0.0,2.0,0.0,2.0,0.0,2.0,0.003,2.0,2293.9,2.0,2396.9,2.0,,9.0,,9.0,,9.0,,9.0,0.0,2.0,0.0,2.0,1.434,1.0,,9.0,,9.0,,9.0,0.0,2.0,99.892,2.0,1.7183,2.0,,,,,['I08N'],2019-12-05,2019-12-27,Akiko
1100,58.0,1.0,12.0,,  I08N,1212.0,2.0,20191219.0,929.0,-14.9988,80.002,5111,3169.3,1.6131,1.6131,2.0,34.7251,2.0,34.7247,2.0,171.6,2.0,171.6,2.0,126.84,2.0,33.89,2.0,0.01,2.0,2.34,2.0,0.03,2.0,0.014,2.0,0.004,2.0,0.0,2.0,0.003,2.0,2297.0,2.0,2401.4,6.0,,9.0,,9.0,,9.0,,9.0,0.0,2.0,0.0,2.0,1.445,1.0,,9.0,,9.0,,9.0,0.0,2.0,99.88,2.0,1.6131,2.0,,,,,['I08N'],2019-12-05,2019-12-27,Akiko
1101,58.0,1.0,11.0,,  I08N,1211.0,2.0,20191219.0,929.0,-14.9988,80.002,5111,3419.3,1.5066,1.5068,2.0,34.7229,2.0,34.7228,2.0,175.1,2.0,175.0,2.0,128.5,2.0,33.87,2.0,0.01,2.0,2.33,2.0,0.04,2.0,0.016,2.0,0.004,2.0,0.001,2.0,0.005,2.0,2298.3,2.0,2402.8,2.0,,9.0,,9.0,,9.0,,9.0,0.0,2.0,0.0,2.0,1.424,1.0,,9.0,,9.0,,9.0,0.0,2.0,99.876,2.0,1.5068,2.0,,,,,['I08N'],2019-12-05,2019-12-27,Akiko
1102,58.0,1.0,10.0,,  I08N,1210.0,2.0,20191219.0,929.0,-14.9988,80.002,5111,3669.5,1.4253,1.4252,2.0,34.7209,2.0,34.7207,2.0,179.6,2.0,179.6,2.0,128.77,2.0,33.58,2.0,0.01,2.0,2.31,2.0,0.05,2.0,0.012,2.0,0.003,2.0,0.0,2.0,0.0,2.0,2295.3,2.0,2405.9,2.0,,9.0,,9.0,,9.0,,9.0,0.0,2.0,0.0,2.0,1.419,1.0,,9.0,,9.0,,9.0,0.0,2.0,99.895,2.0,1.4252,2.0,,,,,['I08N'],2019-12-05,2019-12-27,Akiko
1103,58.0,1.0,9.0,,  I08N,1209.0,2.0,20191219.0,929.0,-14.9988,80.002,5111,3919.4,1.3774,1.377,2.0,34.7189,2.0,34.719,2.0,182.3,2.0,182.2,2.0,129.58,2.0,33.51,2.0,0.01,2.0,2.3,2.0,0.06,2.0,0.018,2.0,0.005,2.0,0.003,2.0,0.023,2.0,2294.7,2.0,2402.7,2.0,,9.0,,9.0,,9.0,,9.0,0.0,2.0,0.0,2.0,1.414,1.0,,9.0,,9.0,,9.0,0.0,2.0,99.903,2.0,1.377,2.0,,,,,['I08N'],2019-12-05,2019-12-27,Akiko
1104,58.0,1.0,8.0,,  I08N,12103.0,2.0,20191219.0,929.0,-14.9988,80.002,5111,4170.3,1.3671,1.3672,2.0,34.7177,2.0,34.718,2.0,182.3,2.0,182.2,2.0,131.25,2.0,33.64,2.0,0.01,2.0,2.3,2.0,0.07,2.0,0.014,2.0,0.003,2.0,0.003,2.0,0.004,2.0,2298.2,6.0,2409.3,2.0,,9.0,,9.0,,9.0,,9.0,0.0,2.0,0.0,2.0,1.412,1.0,,9.0,,9.0,,9.0,0.0,2.0,99.897,2.0,1.3672,2.0,,,,,['I08N'],2019-12-05,2019-12-27,Akiko
1105,58.0,1.0,7.0,,  I08N,1207.0,2.0,20191219.0,929.0,-14.9988,80.002,5111,4420.4,1.3796,1.3796,2.0,34.7173,2.0,34.7176,2.0,182.0,2.0,181.8,2.0,132.71,2.0,33.71,2.0,0.0,2.0,2.31,2.0,0.06,2.0,0.015,2.0,0.005,2.0,0.002,2.0,0.003,2.0,2297.5,2.0,2406.8,2.0,,9.0,,9.0,,9.0,,9.0,0.0,2.0,0.0,2.0,1.422,1.0,,9.0,,9.0,,9.0,0.0,2.0,99.892,2.0,1.3796,2.0,,,,,['I08N'],2019-12-05,2019-12-27,Akiko
1106,58.0,1.0,6.0,,  I08N,1206.0,2.0,20191219.0,929.0,-14.9988,80.002,5111,4669.5,1.4039,1.404,2.0,34.7171,2.0,34.7175,2.0,181.9,2.0,181.9,2.0,132.72,2.0,33.74,2.0,0.0,2.0,2.31,2.0,0.06,2.0,0.014,2.0,0.004,2.0,0.001,2.0,0.012,2.0,2297.2,2.0,2406.5,6.0,,9.0,,9.0,,9.0,,9.0,0.0,2.0,0.0,2.0,1.428,1.0,,9.0,,9.0,,9.0,0.0,2.0,99.882,2.0,1.404,2.0,,,,,['I08N'],2019-12-05,2019-12-27,Akiko
1107,58.0,1.0,5.0,,  I08N,1205.0,2.0,20191219.0,929.0,-14.9988,80.002,5111,4922.9,1.4289,1.4289,2.0,34.717,2.0,34.7173,2.0,182.3,2.0,182.3,2.0,132.45,2.0,33.69,2.0,0.01,2.0,2.31,2.0,0.06,2.0,0.016,2.0,0.006,2.0,0.0,2.0,0.004,2.0,2297.1,2.0,2409.2,2.0,,9.0,,9.0,,9.0,,9.0,0.0,2.0,0.0,2.0,1.431,1.0,,9.0,,9.0,,9.0,0.0,2.0,99.878,2.0,1.4289,2.0,,,,,['I08N'],2019-12-05,2019-12-27,Akiko
1108,58.0,1.0,2.0,,  I08N,12046.0,2.0,20191219.0,929.0,-14.9988,80.002,5111,96.1,24.7745,24.8012,2.0,34.8127,2.0,34.8023,2.0,194.5,2.0,192.1,2.0,3.28,2.0,0.37,2.0,0.03,2.0,0.18,2.0,0.08,2.0,,9.0,,9.0,,9.0,,9.0,1995.3,2.0,2285.3,2.0,,9.0,0.37,2.0,31.7,2.0,305.5,2.0,2.012,2.0,2.012,2.0,1.199,1.0,,9.0,,9.0,,9.0,0.436,2.0,98.094,2.0,24.8012,2.0,,,,,['I08N'],2019-12-05,2019-12-27,Akiko
1109,58.0,1.0,1.0,,  I08N,1201.0,2.0,20191219.0,929.0,-14.9988,80.002,5111,5185.1,1.4617,1.4617,2.0,34.717,2.0,34.7168,2.0,182.4,2.0,182.4,2.0,132.58,2.0,33.78,2.0,0.01,2.0,2.31,2.0,0.04,2.0,0.018,2.0,0.006,2.0,0.003,2.0,0.01,2.0,2298.7,2.0,2406.6,2.0,,9.0,,9.0,,9.0,,9.0,0.0,2.0,0.0,2.0,1.442,1.0,,9.0,,9.0,,9.0,-0.001,2.0,99.867,2.0,1.4617,2.0,,,,,['I08N'],2019-12-05,2019-12-27,Akiko
1110,60.0,1.0,36.0,,  I08N,1236.0,2.0,20191219.0,2106.0,-15.999,80.0017,5046,9.8,28.5167,28.5162,2.0,35.0352,2.0,35.0354,2.0,197.8,2.0,197.5,2.0,1.73,2.0,0.04,2.0,0.0,2.0,0.1,2.0,0.08,2.0,1.423,2.0,0.913,2.0,0.121,2.0,1.525,2.0,1963.9,2.0,2295.9,2.0,73.2,2.0,0.07,2.0,,9.0,,9.0,0.0,2.0,0.0,2.0,1.078,1.0,0.154,2.0,0.072,2.0,0.002,2.0,0.046,2.0,98.825,2.0,28.5162,2.0,9.7,6.347778446048001,2.0,6.20934918680293,['I08N'],2019-12-05,2019-12-27,Akiko
1111,60.0,1.0,35.0,,  I08N,1235.0,2.0,20191219.0,2106.0,-15.999,80.0017,5046,50.4,28.2153,28.2129,2.0,34.9985,2.0,34.9992,2.0,200.4,2.0,200.6,2.0,1.81,2.0,0.04,2.0,0.01,2.0,0.1,2.0,0.07,2.0,1.451,2.0,0.928,2.0,0.123,2.0,1.499,2.0,1963.1,2.0,2293.5,2.0,73.7,2.0,0.09,2.0,,9.0,,9.0,0.0,2.0,0.0,2.0,1.076,1.0,0.168,2.0,0.081,2.0,0.005,2.0,0.092,2.0,98.779,2.0,28.2129,2.0,50.1,5.374647044978249,2.0,5.256175045404904,['I08N'],2019-12-05,2019-12-27,Akiko
1112,60.0,1.0,34.0,,  I08N,1234.0,2.0,20191219.0,2106.0,-15.999,80.0017,5046,100.5,24.6782,24.6764,2.0,34.93,2.0,34.9331,2.0,210.7,2.0,211.0,2.0,2.1,2.0,0.04,2.0,0.0,2.0,0.08,2.0,0.08,2.0,1.68,2.0,1.063,2.0,0.143,2.0,1.682,2.0,1985.5,2.0,2296.6,2.0,72.2,2.0,0.26,2.0,,9.0,,9.0,0.0,2.0,0.0,2.0,1.11,1.0,0.25,2.0,0.136,2.0,0.009,2.0,0.261,2.0,98.699,2.0,24.6764,2.0,99.9,7.215046180055771,2.0,7.047170079205841,['I08N'],2019-12-05,2019-12-27,Akiko
1113,60.0,1.0,33.0,,  I08N,1233.0,2.0,20191219.0,2106.0,-15.999,80.0017,5046,150.5,21.7903,21.8026,2.0,35.2174,2.0,35.1867,2.0,170.6,2.0,166.1,2.0,6.11,2.0,4.98,2.0,0.19,2.0,0.44,2.0,0.06,2.0,1.788,2.0,1.115,2.0,0.102,2.0,1.577,2.0,2060.0,2.0,2312.2,2.0,56.7,2.0,0.18,2.0,,9.0,,9.0,0.0,2.0,0.0,2.0,1.276,1.0,0.27,2.0,0.161,2.0,0.016,2.0,0.191,2.0,99.15,2.0,21.8026,2.0,149.5,9.961394004413712,2.0,9.717498969382419,['I08N'],2019-12-05,2019-12-27,Akiko
1114,60.0,1.0,32.0,,  I08N,1232.0,2.0,20191219.0,2106.0,-15.999,80.0017,5046,199.5,19.2951,19.2896,2.0,35.2917,2.0,35.345,2.0,150.9,2.0,155.2,2.0,9.15,2.0,8.32,2.0,0.01,2.0,0.61,2.0,0.06,2.0,1.864,2.0,1.162,2.0,0.021,2.0,1.46,2.0,2097.0,2.0,2322.1,2.0,54.6,2.0,0.02,2.0,,9.0,,9.0,0.0,2.0,0.0,2.0,1.329,1.0,0.263,2.0,0.166,2.0,0.025,2.0,0.023,2.0,99.502,2.0,19.2896,2.0,198.3,12.24560620525108,2.0,11.934777609037374,['I08N'],2019-12-05,2019-12-27,Akiko
1115,60.0,1.0,31.0,,  I08N,1231.0,2.0,20191219.0,2106.0,-15.999,80.0017,5046,250.9,18.1579,18.1556,2.0,35.6023,2.0,35.5677,2.0,176.8,2.0,174.3,2.0,7.46,2.0,6.66,2.0,0.01,2.0,0.52,2.0,0.06,2.0,2.048,2.0,1.268,2.0,0.023,2.0,1.58,2.0,2108.3,2.0,2340.1,2.0,55.9,2.0,0.0,2.0,,9.0,,9.0,0.0,2.0,0.0,2.0,1.267,1.0,,9.0,,9.0,,9.0,-0.004,2.0,99.661,2.0,18.1556,2.0,249.2,10.46017474345574,2.0,10.187188663021015,['I08N'],2019-12-05,2019-12-27,Akiko
1116,60.0,1.0,30.0,,  I08N,1230.0,2.0,20191219.0,2106.0,-15.999,80.0017,5046,299.7,15.9872,15.99,2.0,35.5,2.0,35.4999,2.0,183.3,2.0,184.5,2.0,6.96,2.0,7.3,2.0,0.01,2.0,0.58,2.0,0.06,2.0,2.28,2.0,1.388,2.0,0.024,2.0,1.603,2.0,2121.7,2.0,2337.6,2.0,51.1,2.0,,9.0,,9.0,,9.0,0.0,2.0,0.0,2.0,1.278,1.0,0.238,2.0,0.148,2.0,0.022,2.0,-0.004,2.0,99.715,2.0,15.99,2.0,297.8,12.345362353059485,2.0,12.015415659375176,['I08N'],2019-12-05,2019-12-27,Akiko
1117,60.0,1.0,29.0,,  I08N,1229.0,2.0,20191219.0,2106.0,-15.999,80.0017,5046,399.6,11.8472,11.8464,2.0,35.0394,2.0,35.0385,2.0,221.2,2.0,222.0,2.0,4.11,2.0,11.0,2.0,0.01,2.0,0.82,2.0,0.07,2.0,3.018,2.0,1.785,2.0,0.101,2.0,1.831,2.0,2128.3,2.0,2313.3,2.0,49.9,2.0,,9.0,,9.0,,9.0,0.0,2.0,0.0,2.0,1.195,1.0,0.211,2.0,0.121,2.0,0.011,2.0,-0.002,2.0,99.781,2.0,11.8464,2.0,396.8,10.55382337201057,2.0,10.261977293131368,['I08N'],2019-12-05,2019-12-27,Akiko
1118,60.0,1.0,28.0,,  I08N,1228.0,2.0,20191219.0,2106.0,-15.999,80.0017,5046,500.4,9.7485,9.7586,2.0,34.7422,2.0,34.7365,2.0,228.7,2.0,229.0,2.0,5.06,2.0,16.08,2.0,0.01,2.0,1.12,2.0,0.08,2.0,3.399,2.0,1.953,2.0,0.125,2.0,1.707,2.0,2134.4,2.0,2297.7,2.0,48.1,2.0,,9.0,,9.0,,9.0,0.0,2.0,0.0,2.0,1.17,1.0,0.197,2.0,0.105,2.0,0.007,2.0,-0.001,2.0,99.844,2.0,9.7586,2.0,496.8,13.758235140386699,2.0,13.369808405684912,['I08N'],2019-12-05,2019-12-27,Akiko
1119,60.0,1.0,27.0,,  I08N,1227.0,2.0,20191219.0,2106.0,-15.999,80.0017,5046,598.3,8.0841,8.085,2.0,34.5744,2.0,34.5738,2.0,197.8,2.0,196.7,2.0,15.29,2.0,23.31,2.0,0.01,2.0,1.58,2.0,0.08,2.0,2.784,2.0,1.503,2.0,0.087,2.0,0.92,2.0,2165.1,2.0,2293.7,2.0,42.8,2.0,,9.0,,9.0,,9.0,0.0,2.0,0.0,2.0,1.213,1.0,0.227,2.0,0.125,2.0,0.017,2.0,0.0,2.0,99.846,2.0,8.085,2.0,593.9,15.142606171197226,2.0,14.706619657534294,['I08N'],2019-12-05,2019-12-27,Akiko
1120,60.0,1.0,26.0,,  I08N,1226.0,2.0,20191219.0,2106.0,-15.999,80.0017,5046,699.3,6.829,6.8299,2.0,34.6096,2.0,34.6123,2.0,129.0,2.0,127.0,2.0,46.73,2.0,31.85,2.0,0.0,2.0,2.22,2.0,0.07,2.0,0.88,2.0,0.448,2.0,0.026,2.0,0.2,2.0,2230.8,6.0,2322.5,2.0,43.8,2.0,,9.0,,9.0,,9.0,0.0,2.0,0.0,2.0,1.376,1.0,,9.0,,9.0,,9.0,0.0,2.0,99.817,2.0,6.8299,2.0,694.0,24.279454974546695,2.0,23.564795832811036,['I08N'],2019-12-05,2019-12-27,Akiko
1121,60.0,1.0,25.0,,  I08N,1225.0,2.0,20191219.0,2106.0,-15.999,80.0017,5046,800.5,6.1786,6.1795,2.0,34.6766,2.0,34.6778,2.0,99.4,2.0,99.0,2.0,67.42,2.0,34.63,2.0,0.01,2.0,2.46,2.0,0.06,2.0,0.305,2.0,0.158,2.0,0.008,2.0,0.046,2.0,2265.6,2.0,2344.8,2.0,44.4,2.0,,9.0,,9.0,,9.0,0.0,2.0,0.0,2.0,1.451,1.0,0.299,2.0,0.168,2.0,0.026,2.0,0.0,2.0,99.812,2.0,6.1795,2.0,794.2,27.56122865346812,2.0,26.734169826402542,['I08N'],2019-12-05,2019-12-27,Akiko
1122,60.0,1.0,24.0,,  I08N,1224.0,2.0,20191219.0,2106.0,-15.999,80.0017,5046,899.3,5.742,5.742,2.0,34.6995,2.0,34.7,2.0,92.9,2.0,92.7,2.0,78.06,2.0,35.55,2.0,0.0,2.0,2.54,2.0,0.07,2.0,0.161,2.0,0.085,2.0,0.003,2.0,0.002,2.0,2279.9,2.0,2353.5,2.0,43.9,2.0,,9.0,,9.0,,9.0,0.0,2.0,0.0,2.0,1.497,1.0,,9.0,,9.0,,9.0,-0.001,2.0,99.814,2.0,5.742,2.0,892.0,27.63451888451103,2.0,26.791481006560108,['I08N'],2019-12-05,2019-12-27,Akiko
1123,60.0,1.0,23.0,,  I08N,1223.0,2.0,20191219.0,2106.0,-15.999,80.0017,5046,999.0,5.3228,5.3223,2.0,34.6993,2.0,34.6998,2.0,90.8,2.0,90.5,2.0,87.48,2.0,36.21,2.0,0.0,2.0,2.6,2.0,0.08,2.0,0.085,2.0,0.044,2.0,0.003,2.0,0.006,2.0,2292.3,2.0,2364.0,2.0,42.9,2.0,,9.0,,9.0,,9.0,0.0,2.0,0.0,2.0,1.508,1.0,0.327,2.0,0.178,2.0,0.03,2.0,0.0,2.0,99.819,2.0,5.3223,2.0,990.8,26.429301751805397,2.0,25.610306112509754,['I08N'],2019-12-05,2019-12-27,Akiko
1124,60.0,1.0,22.0,,  I08N,1222.0,2.0,20191219.0,2106.0,-15.999,80.0017,5046,1197.8,4.6598,4.66,2.0,34.6975,2.0,34.6975,2.0,97.3,2.0,97.4,2.0,95.77,2.0,36.49,2.0,0.0,2.0,2.61,2.0,0.08,2.0,0.043,2.0,0.021,2.0,0.001,2.0,0.006,2.0,2298.9,2.0,2372.8,6.0,39.7,2.0,,9.0,,9.0,,9.0,0.0,2.0,0.0,2.0,1.516,1.0,,9.0,,9.0,,9.0,0.0,2.0,99.829,2.0,4.66,2.0,1187.3,27.542906095707394,2.0,26.663733492303166,['I08N'],2019-12-05,2019-12-27,Akiko
1125,60.0,1.0,21.0,,  I08N,1221.0,2.0,20191219.0,2106.0,-15.999,80.0017,5046,1400.8,4.0527,4.0532,2.0,34.7118,2.0,34.7124,2.0,110.5,2.0,110.4,2.0,98.48,2.0,36.05,2.0,0.0,2.0,2.58,2.0,0.09,2.0,0.0,2.0,0.0,2.0,0.0,2.0,0.0,2.0,2297.2,2.0,2375.0,2.0,42.5,2.0,,9.0,,9.0,,9.0,0.0,2.0,0.0,2.0,1.497,1.0,0.323,2.0,0.178,2.0,0.03,2.0,0.0,2.0,99.848,2.0,4.0532,2.0,1387.9,24.411784558374173,2.0,23.609366852752917,['I08N'],2019-12-05,2019-12-27,Akiko
1126,60.0,1.0,20.0,,  I08N,1220.0,2.0,20191219.0,2106.0,-15.999,80.0017,5046,1600.0,3.4946,3.4953,2.0,34.7166,2.0,34.7177,2.0,122.3,2.0,122.2,2.0,103.22,2.0,35.7,2.0,0.0,2.0,2.53,2.0,0.07,2.0,0.0,2.0,0.0,2.0,0.0,2.0,0.0,2.0,2298.7,2.0,2377.2,2.0,35.5,2.0,,9.0,,9.0,,9.0,0.0,2.0,0.0,2.0,1.485,1.0,,9.0,,9.0,,9.0,0.0,2.0,99.85,2.0,3.4953,2.0,1584.5,25.307554048898634,2.0,24.452489946935138,['I08N'],2019-12-05,2019-12-27,Akiko
1127,60.0,1.0,19.0,,  I08N,1219.0,2.0,20191219.0,2106.0,-15.999,80.0017,5046,1799.2,2.9848,2.9856,2.0,34.7223,2.0,34.7228,2.0,133.1,2.0,133.1,2.0,108.52,2.0,35.4,2.0,0.0,2.0,2.49,2.0,0.06,2.0,0.0,2.0,0.0,2.0,0.001,2.0,0.0,2.0,2298.5,2.0,2382.2,2.0,38.1,2.0,,9.0,,9.0,,9.0,0.0,2.0,0.0,2.0,1.476,1.0,0.312,2.0,0.174,2.0,0.032,2.0,0.0,2.0,99.848,2.0,2.9856,2.0,1781.0,22.380016486684603,2.0,21.6035481681593,['I08N'],2019-12-05,2019-12-27,Akiko
1128,60.0,1.0,18.0,,  I08N,1218.0,2.0,20191219.0,2106.0,-15.999,80.0017,5046,1998.1,2.6297,2.6305,2.0,34.7294,2.0,34.7296,2.0,143.1,2.0,142.8,2.0,111.78,2.0,34.93,2.0,0.01,2.0,2.45,2.0,0.07,2.0,0.0,2.0,0.0,2.0,0.0,2.0,0.0,2.0,2298.4,2.0,2385.9,2.0,37.9,2.0,,9.0,,9.0,,9.0,0.0,2.0,0.0,2.0,1.458,1.0,,9.0,,9.0,,9.0,0.001,2.0,99.855,2.0,2.6305,2.0,1976.9,23.81528351127493,2.0,22.967952864194828,['I08N'],2019-12-05,2019-12-27,Akiko
1129,60.0,1.0,17.0,,  I08N,1217.0,2.0,20191219.0,2106.0,-15.999,80.0017,5046,2199.4,2.3362,2.3362,2.0,34.7312,2.0,34.7313,2.0,152.4,2.0,152.3,2.0,114.42,2.0,34.48,2.0,0.0,2.0,2.4,2.0,0.06,2.0,0.0,2.0,0.0,2.0,0.0,2.0,0.0,2.0,2297.2,2.0,2389.1,2.0,41.1,2.0,,9.0,,9.0,,9.0,0.0,2.0,0.0,2.0,1.473,1.0,0.309,2.0,0.168,2.0,0.028,2.0,-0.001,2.0,99.863,2.0,2.3362,2.0,2175.0,19.68049297660408,2.0,18.962966411765233,['I08N'],2019-12-05,2019-12-27,Akiko
1130,60.0,1.0,16.0,,  I08N,1216.0,2.0,20191219.0,2106.0,-15.999,80.0017,5046,2401.6,2.1102,2.1104,2.0,34.7309,2.0,34.7311,2.0,159.6,2.0,159.5,2.0,116.82,2.0,34.21,2.0,0.01,2.0,2.38,2.0,0.05,2.0,0.013,2.0,0.004,2.0,0.002,2.0,0.006,2.0,2297.5,6.0,2390.9,2.0,37.3,2.0,,9.0,,9.0,,9.0,0.0,2.0,0.0,2.0,1.452,1.0,,9.0,,9.0,,9.0,-0.001,2.0,99.871,2.0,2.1104,2.0,2373.9,20.643445178917872,2.0,19.87286283964532,['I08N'],2019-12-05,2019-12-27,Akiko
1131,60.0,1.0,15.0,,  I08N,1215.0,2.0,20191219.0,2106.0,-15.999,80.0017,5046,2602.4,1.9352,1.9354,2.0,34.7293,2.0,34.7298,2.0,165.9,2.0,165.9,2.0,118.14,2.0,33.92,2.0,0.01,2.0,2.35,2.0,0.04,2.0,0.014,2.0,0.005,2.0,0.002,2.0,0.0,2.0,2291.9,2.0,2392.0,2.0,37.2,2.0,,9.0,,9.0,,9.0,0.0,2.0,0.0,2.0,1.434,1.0,0.313,2.0,0.168,2.0,0.028,2.0,0.0,2.0,99.871,2.0,1.9354,2.0,2571.2,17.398316615517906,2.0,16.734041814628323,['I08N'],2019-12-05,2019-12-27,Akiko
1132,60.0,1.0,14.0,,  I08N,1214.0,2.0,20191219.0,2106.0,-15.999,80.0017,5046,2799.5,1.8106,1.8102,2.0,34.7281,2.0,34.7279,2.0,170.2,2.0,170.2,2.0,118.95,2.0,33.53,2.0,0.01,2.0,2.31,2.0,0.09,2.0,0.013,2.0,0.003,2.0,0.003,2.0,0.002,2.0,2287.8,3.0,2391.8,2.0,40.9,2.0,,9.0,,9.0,,9.0,0.0,2.0,0.0,2.0,1.418,1.0,,9.0,,9.0,,9.0,0.0,2.0,99.871,2.0,1.8102,2.0,2764.6,,9.0,,['I08N'],2019-12-05,2019-12-27,Akiko
1133,60.0,1.0,13.0,,  I08N,1213.0,2.0,20191219.0,2106.0,-15.999,80.0017,5046,2999.1,1.7054,1.7061,2.0,34.7267,2.0,34.7267,2.0,172.7,2.0,172.7,2.0,121.67,2.0,33.65,2.0,0.0,2.0,2.31,2.0,0.08,2.0,0.013,2.0,0.004,2.0,0.001,2.0,0.0,2.0,2293.3,2.0,2395.0,2.0,37.7,2.0,,9.0,,9.0,,9.0,0.0,2.0,0.0,2.0,1.426,1.0,0.313,2.0,0.168,2.0,0.03,2.0,-0.001,2.0,99.871,2.0,1.7061,2.0,2960.4,17.79734120675153,2.0,17.08834560830538,['I08N'],2019-12-05,2019-12-27,Akiko
1134,60.0,1.0,12.0,,  I08N,1212.0,2.0,20191219.0,2106.0,-15.999,80.0017,5046,3249.6,1.5668,1.5677,2.0,34.7246,2.0,34.725,2.0,177.5,2.0,177.4,2.0,123.24,2.0,33.39,2.0,0.0,2.0,2.3,2.0,0.06,2.0,0.012,2.0,0.003,2.0,0.001,2.0,0.004,2.0,2292.2,2.0,2396.3,6.0,38.0,2.0,,9.0,,9.0,,9.0,0.0,2.0,0.0,2.0,1.415,1.0,,9.0,,9.0,,9.0,0.0,2.0,99.884,2.0,1.5677,2.0,3205.7,,9.0,,['I08N'],2019-12-05,2019-12-27,Akiko
1135,60.0,1.0,11.0,,  I08N,1211.0,2.0,20191219.0,2106.0,-15.999,80.0017,5046,3500.8,1.4551,1.4551,2.0,34.722,2.0,34.7229,2.0,178.5,2.0,178.9,2.0,127.16,2.0,33.52,2.0,0.01,2.0,2.3,2.0,0.05,2.0,0.012,2.0,0.004,2.0,0.001,2.0,0.004,2.0,2296.0,2.0,2400.9,2.0,41.8,2.0,,9.0,,9.0,,9.0,0.0,2.0,0.0,2.0,1.416,1.0,0.306,2.0,0.162,2.0,0.028,2.0,0.0,2.0,99.871,2.0,1.4551,2.0,3451.6,17.208983518657057,2.0,16.487880611525963,['I08N'],2019-12-05,2019-12-27,Akiko
1136,60.0,1.0,10.0,,  I08N,1210.0,2.0,20191219.0,2106.0,-15.999,80.0017,5046,3750.3,1.3942,1.3942,2.0,34.72,2.0,34.7204,2.0,181.1,2.0,181.0,2.0,128.98,2.0,33.57,2.0,0.01,2.0,2.3,2.0,0.06,2.0,0.011,2.0,0.003,2.0,0.001,2.0,0.006,2.0,2295.2,2.0,2402.8,2.0,37.4,2.0,,9.0,,9.0,,9.0,0.0,2.0,0.0,2.0,1.415,1.0,,9.0,,9.0,,9.0,-0.001,2.0,99.873,2.0,1.3942,2.0,3695.5,,9.0,,['I08N'],2019-12-05,2019-12-27,Akiko
1137,60.0,1.0,9.0,,  I08N,1209.0,2.0,20191219.0,2106.0,-15.999,80.0017,5046,4000.1,1.3666,1.3665,2.0,34.7185,2.0,34.719,2.0,182.3,2.0,182.2,2.0,130.33,2.0,33.52,2.0,0.01,2.0,2.3,2.0,0.04,2.0,0.012,2.0,0.004,2.0,0.002,2.0,0.006,2.0,2297.9,2.0,2405.8,2.0,38.5,2.0,,9.0,,9.0,,9.0,0.0,2.0,0.0,2.0,1.408,1.0,0.307,2.0,0.161,2.0,0.03,2.0,0.0,2.0,99.886,2.0,1.3665,2.0,3939.4,16.77738549140436,2.0,16.040716660241415,['I08N'],2019-12-05,2019-12-27,Akiko
1138,60.0,1.0,8.0,,  I08N,12103.0,2.0,20191219.0,2106.0,-15.999,80.0017,5046,4251.4,1.3725,1.3724,2.0,34.7177,2.0,34.7178,2.0,181.8,2.0,181.6,2.0,131.99,2.0,33.61,2.0,0.01,2.0,2.31,2.0,0.04,2.0,0.014,2.0,0.005,2.0,0.0,2.0,0.017,2.0,2299.5,6.0,2407.9,2.0,40.8,2.0,,9.0,,9.0,,9.0,0.0,2.0,0.0,2.0,1.42,1.0,,9.0,,9.0,,9.0,0.0,2.0,99.871,2.0,1.3724,2.0,4184.6,,9.0,,['I08N'],2019-12-05,2019-12-27,Akiko
1139,60.0,1.0,7.0,,  I08N,1207.0,2.0,20191219.0,2106.0,-15.999,80.0017,5046,4500.3,1.3886,1.3886,2.0,34.7173,2.0,34.7178,2.0,181.5,2.0,181.4,2.0,132.95,2.0,33.7,2.0,0.01,2.0,2.31,2.0,0.03,2.0,0.013,2.0,0.005,2.0,0.004,2.0,0.014,2.0,2300.7,2.0,2408.8,2.0,37.7,2.0,,9.0,,9.0,,9.0,0.0,2.0,0.0,2.0,1.422,1.0,0.305,2.0,0.155,2.0,0.026,2.0,0.0,2.0,99.859,2.0,1.3886,2.0,4427.0,16.37225338091716,2.0,15.621207454407491,['I08N'],2019-12-05,2019-12-27,Akiko
1140,60.0,1.0,6.0,,  I08N,1206.0,2.0,20191219.0,2106.0,-15.999,80.0017,5046,4752.1,1.4125,1.4125,2.0,34.7171,2.0,34.7176,2.0,181.3,2.0,181.3,2.0,133.17,2.0,33.7,2.0,0.01,2.0,2.31,2.0,0.04,2.0,0.015,2.0,0.005,2.0,0.004,2.0,0.0,2.0,2299.9,2.0,2409.0,6.0,40.0,2.0,,9.0,,9.0,,9.0,0.0,2.0,0.0,2.0,1.427,1.0,,9.0,,9.0,,9.0,0.0,2.0,99.857,2.0,1.4125,2.0,4672.1,,9.0,,['I08N'],2019-12-05,2019-12-27,Akiko
1141,60.0,1.0,5.0,,  I08N,1205.0,2.0,20191219.0,2106.0,-15.999,80.0017,5046,5000.1,1.4389,1.4389,2.0,34.7171,2.0,34.7172,2.0,181.2,2.0,181.2,2.0,133.76,2.0,33.68,2.0,0.0,2.0,2.31,2.0,0.05,2.0,0.013,2.0,0.005,2.0,0.0,2.0,0.009,2.0,2302.3,2.0,2408.9,2.0,38.9,2.0,,9.0,,9.0,,9.0,0.0,2.0,0.0,2.0,1.435,1.0,0.314,2.0,0.165,2.0,0.029,2.0,0.0,2.0,99.846,2.0,1.4389,2.0,4913.2,17.398316615517906,2.0,16.56663314144753,['I08N'],2019-12-05,2019-12-27,Akiko
1142,60.0,1.0,2.0,,  I08N,12046.0,2.0,20191219.0,2106.0,-15.999,80.0017,5046,129.6,22.5202,22.5332,2.0,34.9255,2.0,34.9248,2.0,152.7,2.0,152.7,2.0,7.36,2.0,6.54,2.0,0.19,2.0,0.55,2.0,0.06,2.0,,9.0,,9.0,,9.0,,9.0,2057.1,2.0,2294.1,2.0,63.9,2.0,0.3,2.0,,9.0,,9.0,0.0,2.0,0.0,2.0,1.308,1.0,0.329,2.0,0.185,2.0,0.028,2.0,0.289,2.0,98.836,2.0,22.5332,2.0,128.8,13.259454401344673,2.0,12.941359746258376,['I08N'],2019-12-05,2019-12-27,Akiko
1143,60.0,1.0,1.0,,  I08N,1201.0,2.0,20191219.0,2106.0,-15.999,80.0017,5046,5119.7,1.4537,1.4537,2.0,34.7171,2.0,34.7171,2.0,181.2,2.0,181.3,2.0,133.56,2.0,33.7,2.0,0.01,2.0,2.31,2.0,0.06,2.0,0.015,2.0,0.006,2.0,0.0,2.0,0.04,2.0,2301.1,2.0,2407.5,2.0,41.0,2.0,,9.0,,9.0,,9.0,0.0,2.0,0.0,2.0,1.423,1.0,0.326,2.0,0.179,2.0,0.034,2.0,0.0,2.0,99.846,2.0,1.4537,2.0,5029.4,16.052626539980025,2.0,15.277936206612774,['I08N'],2019-12-05,2019-12-27,Akiko
1144,61.0,1.0,36.0,,  I08N,1236.0,2.0,20191220.0,355.0,-16.4971,79.9993,5038,9.9,28.3817,28.3812,2.0,35.0381,2.0,,9.0,198.7,2.0,,9.0,1.86,2.0,0.06,2.0,0.0,2.0,0.1,2.0,0.03,2.0,,9.0,,9.0,,9.0,,9.0,,9.0,,9.0,,9.0,,9.0,,9.0,,9.0,668.156,2.0,668.156,2.0,1.04,1.0,,9.0,,9.0,,9.0,0.03,2.0,98.699,2.0,28.3812,2.0,9.8,6.2296997404788685,2.0,6.093563817589484,['I08N'],2019-12-05,2019-12-27,Akiko
1145,61.0,1.0,35.0,,  I08N,1235.0,2.0,20191220.0,355.0,-16.4971,79.9993,5038,9.7,28.3812,28.3809,2.0,35.038,2.0,,9.0,198.8,2.0,,9.0,,9.0,,9.0,,9.0,,9.0,,9.0,,9.0,,9.0,,9.0,,9.0,,9.0,,9.0,,9.0,,9.0,,9.0,,9.0,781.386,2.0,781.386,2.0,1.04,1.0,,9.0,,9.0,,9.0,0.03,2.0,98.676,2.0,28.3809,2.0,,,,,['I08N'],2019-12-05,2019-12-27,Akiko
1146,61.0,1.0,34.0,,  I08N,1234.0,3.0,20191220.0,355.0,-16.4971,79.9993,5038,1.1,28.3836,28.3559,4.0,35.0386,2.0,,9.0,198.7,2.0,,9.0,1.85,2.0,0.08,2.0,0.01,2.0,0.1,2.0,0.04,2.0,,9.0,,9.0,,9.0,,9.0,,9.0,,9.0,,9.0,,9.0,,9.0,,9.0,1184.996,2.0,1184.996,2.0,1.04,1.0,,9.0,,9.0,,9.0,0.027,2.0,98.686,2.0,28.3559,4.0,1.1,,9.0,,['I08N'],2019-12-05,2019-12-27,Akiko
1147,61.0,1.0,33.0,,  I08N,1233.0,3.0,20191220.0,355.0,-16.4971,79.9993,5038,1.1,28.3836,28.3559,4.0,35.0386,2.0,,9.0,198.7,2.0,,9.0,,9.0,,9.0,,9.0,,9.0,,9.0,,9.0,,9.0,,9.0,,9.0,,9.0,,9.0,,9.0,,9.0,,9.0,,9.0,1184.996,2.0,1184.996,2.0,1.04,1.0,,9.0,,9.0,,9.0,0.027,2.0,98.686,2.0,28.3559,4.0,,,,,['I08N'],2019-12-05,2019-12-27,Akiko
1148,61.0,1.0,32.0,,  I08N,1232.0,2.0,20191220.0,355.0,-16.4971,79.9993,5038,59.8,27.8583,27.858,2.0,34.9458,2.0,,9.0,203.0,2.0,,9.0,1.94,2.0,0.06,2.0,0.0,2.0,0.1,2.0,0.03,2.0,,9.0,,9.0,,9.0,,9.0,,9.0,,9.0,,9.0,,9.0,,9.0,,9.0,108.936,2.0,108.936,2.0,1.107,1.0,,9.0,,9.0,,9.0,0.119,2.0,98.492,2.0,27.858,2.0,59.4,5.879535303273853,2.0,5.749272004542467,['I08N'],2019-12-05,2019-12-27,Akiko
1149,61.0,1.0,31.0,,  I08N,1231.0,2.0,20191220.0,355.0,-16.4971,79.9993,5038,59.8,27.8587,27.8579,2.0,34.9459,2.0,,9.0,203.0,2.0,,9.0,,9.0,,9.0,,9.0,,9.0,,9.0,,9.0,,9.0,,9.0,,9.0,,9.0,,9.0,,9.0,,9.0,,9.0,,9.0,97.16,2.0,97.16,2.0,1.112,1.0,,9.0,,9.0,,9.0,0.12,2.0,98.497,2.0,27.8579,2.0,,,,,['I08N'],2019-12-05,2019-12-27,Akiko
1150,61.0,1.0,30.0,,  I08N,1230.0,2.0,20191220.0,355.0,-16.4971,79.9993,5038,89.8,27.2864,27.2819,2.0,34.9213,2.0,,9.0,202.7,2.0,,9.0,2.31,2.0,0.06,2.0,0.01,2.0,0.13,2.0,0.04,2.0,,9.0,,9.0,,9.0,,9.0,,9.0,,9.0,,9.0,,9.0,,9.0,,9.0,22.811,2.0,22.811,2.0,1.114,1.0,,9.0,,9.0,,9.0,0.236,2.0,98.577,2.0,27.2819,2.0,89.3,,9.0,,['I08N'],2019-12-05,2019-12-27,Akiko
1151,61.0,1.0,29.0,,  I08N,1229.0,2.0,20191220.0,355.0,-16.4971,79.9993,5038,89.8,27.2375,27.2445,2.0,34.9168,2.0,,9.0,202.0,2.0,,9.0,,9.0,,9.0,,9.0,,9.0,,9.0,,9.0,,9.0,,9.0,,9.0,,9.0,,9.0,,9.0,,9.0,,9.0,,9.0,18.217,2.0,18.217,2.0,1.117,1.0,,9.0,,9.0,,9.0,0.229,2.0,98.589,2.0,27.2445,2.0,,,,,['I08N'],2019-12-05,2019-12-27,Akiko
1152,61.0,1.0,28.0,,  I08N,1228.0,2.0,20191220.0,355.0,-16.4971,79.9993,5038,109.7,24.013,24.0106,2.0,34.7012,2.0,,9.0,159.3,2.0,,9.0,6.22,2.0,3.55,2.0,0.13,2.0,0.45,2.0,0.12,2.0,,9.0,,9.0,,9.0,,9.0,,9.0,,9.0,,9.0,,9.0,,9.0,,9.0,10.192,2.0,10.192,2.0,1.337,1.0,,9.0,,9.0,,9.0,0.64,2.0,97.912,2.0,24.0106,2.0,109.0,11.3559442339802,2.0,11.090999960784552,['I08N'],2019-12-05,2019-12-27,Akiko
1153,61.0,1.0,27.0,,  I08N,1227.0,2.0,20191220.0,355.0,-16.4971,79.9993,5038,109.7,23.987,23.9937,2.0,34.6997,2.0,,9.0,158.7,2.0,,9.0,,9.0,,9.0,,9.0,,9.0,,9.0,,9.0,,9.0,,9.0,,9.0,,9.0,,9.0,,9.0,,9.0,,9.0,,9.0,11.029,2.0,11.029,2.0,1.354,1.0,,9.0,,9.0,,9.0,0.596,2.0,97.921,2.0,23.9937,2.0,,,,,['I08N'],2019-12-05,2019-12-27,Akiko
1154,61.0,1.0,26.0,,  I08N,1226.0,2.0,20191220.0,355.0,-16.4971,79.9993,5038,114.7,23.2725,23.2693,2.0,34.7034,2.0,,9.0,147.8,2.0,,9.0,7.68,2.0,6.26,2.0,0.26,2.0,0.57,2.0,0.11,2.0,,9.0,,9.0,,9.0,,9.0,,9.0,,9.0,,9.0,,9.0,,9.0,,9.0,3.47,2.0,3.47,2.0,1.366,1.0,,9.0,,9.0,,9.0,0.474,2.0,98.22,2.0,23.2693,2.0,114.0,,9.0,,['I08N'],2019-12-05,2019-12-27,Akiko
1155,61.0,1.0,25.0,,  I08N,1225.0,2.0,20191220.0,355.0,-16.4971,79.9993,5038,114.8,23.2731,23.2714,2.0,34.7031,2.0,,9.0,147.6,2.0,,9.0,,9.0,,9.0,,9.0,,9.0,,9.0,,9.0,,9.0,,9.0,,9.0,,9.0,,9.0,,9.0,,9.0,,9.0,,9.0,3.033,2.0,3.033,2.0,1.374,1.0,,9.0,,9.0,,9.0,0.492,2.0,98.231,2.0,23.2714,2.0,,,,,['I08N'],2019-12-05,2019-12-27,Akiko
1156,61.0,1.0,24.0,,  I08N,1224.0,2.0,20191220.0,355.0,-16.4971,79.9993,5038,120.1,23.089,23.0894,2.0,34.852,2.0,,9.0,161.2,2.0,,9.0,7.32,2.0,6.08,2.0,0.33,2.0,0.53,2.0,0.11,2.0,,9.0,,9.0,,9.0,,9.0,,9.0,,9.0,,9.0,,9.0,,9.0,,9.0,2.241,2.0,2.241,2.0,1.308,1.0,,9.0,,9.0,,9.0,0.414,2.0,98.589,2.0,23.0894,2.0,119.4,12.73420774553715,2.0,12.431878436639353,['I08N'],2019-12-05,2019-12-27,Akiko
1157,61.0,1.0,23.0,,  I08N,1223.0,2.0,20191220.0,355.0,-16.4971,79.9993,5038,120.2,23.0889,23.0878,2.0,34.8471,2.0,,9.0,161.1,2.0,,9.0,,9.0,,9.0,,9.0,,9.0,,9.0,,9.0,,9.0,,9.0,,9.0,,9.0,,9.0,,9.0,,9.0,,9.0,,9.0,2.146,2.0,2.146,2.0,1.305,1.0,,9.0,,9.0,,9.0,0.371,2.0,98.594,2.0,23.0878,2.0,,,,,['I08N'],2019-12-05,2019-12-27,Akiko
1158,61.0,1.0,22.0,,  I08N,1222.0,2.0,20191220.0,355.0,-16.4971,79.9993,5038,130.5,22.6973,22.7004,2.0,35.0051,2.0,,9.0,170.4,2.0,,9.0,5.69,2.0,4.13,2.0,0.17,2.0,0.4,2.0,0.1,2.0,,9.0,,9.0,,9.0,,9.0,,9.0,,9.0,,9.0,,9.0,,9.0,,9.0,1.293,2.0,1.293,2.0,1.273,1.0,,9.0,,9.0,,9.0,0.288,2.0,98.887,2.0,22.7004,2.0,129.6,,9.0,,['I08N'],2019-12-05,2019-12-27,Akiko
1159,61.0,1.0,21.0,,  I08N,1221.0,2.0,20191220.0,355.0,-16.4971,79.9993,5038,130.5,22.6947,22.69,2.0,35.0047,2.0,,9.0,170.8,2.0,,9.0,,9.0,,9.0,,9.0,,9.0,,9.0,,9.0,,9.0,,9.0,,9.0,,9.0,,9.0,,9.0,,9.0,,9.0,,9.0,1.458,2.0,1.458,2.0,1.281,1.0,,9.0,,9.0,,9.0,0.282,2.0,98.878,2.0,22.69,2.0,,,,,['I08N'],2019-12-05,2019-12-27,Akiko
1160,61.0,1.0,20.0,,  I08N,1220.0,2.0,20191220.0,355.0,-16.4971,79.9993,5038,140.8,22.4628,22.4635,2.0,35.2366,2.0,,9.0,185.7,2.0,,9.0,4.35,2.0,2.44,2.0,0.26,2.0,0.29,2.0,0.07,2.0,,9.0,,9.0,,9.0,,9.0,,9.0,,9.0,,9.0,,9.0,,9.0,,9.0,0.775,2.0,0.775,2.0,1.249,1.0,,9.0,,9.0,,9.0,0.207,2.0,99.087,2.0,22.4635,2.0,139.9,9.49925838089314,2.0,9.268650860969963,['I08N'],2019-12-05,2019-12-27,Akiko
1161,61.0,1.0,19.0,,  I08N,1219.0,2.0,20191220.0,355.0,-16.4971,79.9993,5038,139.7,22.4377,22.4471,2.0,35.2186,2.0,,9.0,185.5,2.0,,9.0,,9.0,,9.0,,9.0,,9.0,,9.0,,9.0,,9.0,,9.0,,9.0,,9.0,,9.0,,9.0,,9.0,,9.0,,9.0,1.677,2.0,1.677,2.0,1.247,1.0,,9.0,,9.0,,9.0,0.206,2.0,99.07,2.0,22.4471,2.0,,,,,['I08N'],2019-12-05,2019-12-27,Akiko
1162,61.0,1.0,18.0,,  I08N,1218.0,2.0,20191220.0,355.0,-16.4971,79.9993,5038,150.1,21.6433,21.6506,2.0,35.1678,2.0,,9.0,164.0,2.0,,9.0,6.84,2.0,5.7,2.0,0.13,2.0,0.48,2.0,0.08,2.0,,9.0,,9.0,,9.0,,9.0,,9.0,,9.0,,9.0,,9.0,,9.0,,9.0,0.348,2.0,0.348,2.0,1.283,1.0,,9.0,,9.0,,9.0,0.184,2.0,99.203,2.0,21.6506,2.0,149.1,,9.0,,['I08N'],2019-12-05,2019-12-27,Akiko
1163,61.0,1.0,17.0,,  I08N,1217.0,2.0,20191220.0,355.0,-16.4971,79.9993,5038,149.7,21.6553,21.6523,2.0,35.1698,2.0,,9.0,164.0,2.0,,9.0,,9.0,,9.0,,9.0,,9.0,,9.0,,9.0,,9.0,,9.0,,9.0,,9.0,,9.0,,9.0,,9.0,,9.0,,9.0,0.471,2.0,0.471,2.0,1.283,1.0,,9.0,,9.0,,9.0,0.174,2.0,99.213,2.0,21.6523,2.0,,,,,['I08N'],2019-12-05,2019-12-27,Akiko
1164,61.0,1.0,16.0,,  I08N,1216.0,2.0,20191220.0,355.0,-16.4971,79.9993,5038,160.3,20.3711,20.3769,2.0,34.9929,2.0,,9.0,133.2,2.0,,9.0,11.68,2.0,11.13,2.0,0.02,2.0,0.79,2.0,0.09,2.0,,9.0,,9.0,,9.0,,9.0,,9.0,,9.0,,9.0,,9.0,,9.0,,9.0,0.341,2.0,0.341,2.0,1.357,1.0,,9.0,,9.0,,9.0,0.121,2.0,99.279,2.0,20.3769,2.0,159.3,14.295696834701374,2.0,13.942117151999355,['I08N'],2019-12-05,2019-12-27,Akiko
1165,61.0,1.0,15.0,,  I08N,1215.0,2.0,20191220.0,355.0,-16.4971,79.9993,5038,160.5,20.3758,20.3738,2.0,34.9926,2.0,,9.0,132.9,2.0,,9.0,,9.0,,9.0,,9.0,,9.0,,9.0,,9.0,,9.0,,9.0,,9.0,,9.0,,9.0,,9.0,,9.0,,9.0,,9.0,0.337,2.0,0.337,2.0,1.343,1.0,,9.0,,9.0,,9.0,0.131,2.0,99.289,2.0,20.3738,2.0,,,,,['I08N'],2019-12-05,2019-12-27,Akiko
1166,61.0,1.0,14.0,,  I08N,1214.0,2.0,20191220.0,355.0,-16.4971,79.9993,5038,170.4,19.5878,19.5759,2.0,34.9271,2.0,,9.0,123.8,2.0,,9.0,13.88,2.0,12.98,2.0,0.01,2.0,0.91,2.0,0.09,2.0,,9.0,,9.0,,9.0,,9.0,,9.0,,9.0,,9.0,,9.0,,9.0,,9.0,0.016,2.0,0.016,2.0,1.381,1.0,,9.0,,9.0,,9.0,0.077,2.0,99.353,2.0,19.5759,2.0,169.4,,9.0,,['I08N'],2019-12-05,2019-12-27,Akiko
1167,61.0,1.0,13.0,,  I08N,1213.0,2.0,20191220.0,355.0,-16.4971,79.9993,5038,170.4,19.5805,19.5811,2.0,34.9264,2.0,,9.0,124.0,2.0,,9.0,,9.0,,9.0,,9.0,,9.0,,9.0,,9.0,,9.0,,9.0,,9.0,,9.0,,9.0,,9.0,,9.0,,9.0,,9.0,0.013,2.0,0.013,2.0,1.388,1.0,,9.0,,9.0,,9.0,0.104,2.0,99.348,2.0,19.5811,2.0,,,,,['I08N'],2019-12-05,2019-12-27,Akiko
1168,61.0,1.0,12.0,,  I08N,1212.0,2.0,20191220.0,355.0,-16.4971,79.9993,5038,179.9,19.261,19.2607,2.0,34.9611,2.0,,9.0,124.5,2.0,,9.0,14.51,2.0,13.34,2.0,0.01,2.0,0.92,2.0,0.1,2.0,,9.0,,9.0,,9.0,,9.0,,9.0,,9.0,,9.0,,9.0,,9.0,,9.0,0.0,2.0,0.0,2.0,1.364,1.0,,9.0,,9.0,,9.0,0.074,2.0,99.405,2.0,19.2607,2.0,178.7,16.728525337375753,2.0,16.309132686447203,['I08N'],2019-12-05,2019-12-27,Akiko
1169,61.0,1.0,11.0,,  I08N,1211.0,2.0,20191220.0,355.0,-16.4971,79.9993,5038,179.7,19.2611,19.2606,2.0,34.9587,2.0,,9.0,124.3,2.0,,9.0,,9.0,,9.0,,9.0,,9.0,,9.0,,9.0,,9.0,,9.0,,9.0,,9.0,,9.0,,9.0,,9.0,,9.0,,9.0,0.0,2.0,0.0,2.0,1.372,1.0,,9.0,,9.0,,9.0,0.055,2.0,99.412,2.0,19.2606,2.0,,,,,['I08N'],2019-12-05,2019-12-27,Akiko
1170,61.0,1.0,10.0,,  I08N,1210.0,2.0,20191220.0,355.0,-16.4971,79.9993,5038,199.1,19.8446,19.8489,2.0,35.4613,2.0,,9.0,168.2,2.0,,9.0,6.98,2.0,6.31,2.0,0.01,2.0,0.48,2.0,0.08,2.0,,9.0,,9.0,,9.0,,9.0,,9.0,,9.0,,9.0,,9.0,,9.0,,9.0,0.0,2.0,0.0,2.0,1.291,1.0,,9.0,,9.0,,9.0,0.027,2.0,99.551,2.0,19.8489,2.0,197.8,,9.0,,['I08N'],2019-12-05,2019-12-27,Akiko
1171,61.0,1.0,9.0,,  I08N,1209.0,2.0,20191220.0,355.0,-16.4971,79.9993,5038,199.2,19.8502,19.8482,2.0,35.4615,2.0,,9.0,168.0,2.0,,9.0,,9.0,,9.0,,9.0,,9.0,,9.0,,9.0,,9.0,,9.0,,9.0,,9.0,,9.0,,9.0,,9.0,,9.0,,9.0,0.0,2.0,0.0,2.0,1.277,1.0,,9.0,,9.0,,9.0,0.029,2.0,99.549,2.0,19.8482,2.0,,,,,['I08N'],2019-12-05,2019-12-27,Akiko
1172,61.0,1.0,8.0,,  I08N,12103.0,2.0,20191220.0,355.0,-16.4971,79.9993,5038,250.2,17.2615,17.2639,2.0,35.3853,2.0,,9.0,159.2,2.0,,9.0,11.67,2.0,9.88,2.0,0.01,2.0,0.72,2.0,0.07,2.0,,9.0,,9.0,,9.0,,9.0,,9.0,,9.0,,9.0,,9.0,,9.0,,9.0,0.0,2.0,0.0,2.0,1.33,1.0,,9.0,,9.0,,9.0,-0.005,2.0,99.654,2.0,17.2639,2.0,248.5,14.505388329074144,2.0,14.126095814228758,['I08N'],2019-12-05,2019-12-27,Akiko
1173,61.0,1.0,7.0,,  I08N,1207.0,2.0,20191220.0,355.0,-16.4971,79.9993,5038,249.9,17.2324,17.2331,2.0,35.3851,2.0,,9.0,159.2,2.0,,9.0,,9.0,,9.0,,9.0,,9.0,,9.0,,9.0,,9.0,,9.0,,9.0,,9.0,,9.0,,9.0,,9.0,,9.0,,9.0,0.0,2.0,0.0,2.0,1.317,1.0,,9.0,,9.0,,9.0,-0.004,2.0,99.656,2.0,17.2331,2.0,,,,,['I08N'],2019-12-05,2019-12-27,Akiko
1174,61.0,1.0,6.0,,  I08N,1206.0,2.0,20191220.0,355.0,-16.4971,79.9993,5038,300.4,15.9871,15.9876,2.0,35.5115,2.0,,9.0,186.6,2.0,,9.0,6.78,2.0,7.17,2.0,0.01,2.0,0.57,2.0,0.07,2.0,,9.0,,9.0,,9.0,,9.0,,9.0,,9.0,,9.0,,9.0,,9.0,,9.0,0.0,2.0,0.0,2.0,1.266,1.0,,9.0,,9.0,,9.0,-0.004,2.0,99.768,2.0,15.9876,2.0,298.4,,9.0,,['I08N'],2019-12-05,2019-12-27,Akiko
1175,61.0,1.0,5.0,,  I08N,1205.0,2.0,20191220.0,355.0,-16.4971,79.9993,5038,300.9,15.9894,15.989,2.0,35.5116,2.0,,9.0,186.4,2.0,,9.0,,9.0,,9.0,,9.0,,9.0,,9.0,,9.0,,9.0,,9.0,,9.0,,9.0,,9.0,,9.0,,9.0,,9.0,,9.0,0.0,2.0,0.0,2.0,1.283,1.0,,9.0,,9.0,,9.0,-0.004,2.0,99.77,2.0,15.989,2.0,,,,,['I08N'],2019-12-05,2019-12-27,Akiko
1176,61.0,1.0,2.0,,  I08N,12046.0,2.0,20191220.0,355.0,-16.4971,79.9993,5038,103.4,25.4321,25.4155,2.0,34.7399,2.0,,9.0,185.7,2.0,,9.0,3.73,2.0,0.2,2.0,0.01,2.0,0.23,2.0,0.06,2.0,,9.0,,9.0,,9.0,,9.0,,9.0,,9.0,,9.0,,9.0,,9.0,,9.0,8.831,2.0,8.831,2.0,1.263,1.0,,9.0,,9.0,,9.0,0.538,2.0,97.866,2.0,25.4155,2.0,102.7,10.415386268929518,2.0,10.17663919834222,['I08N'],2019-12-05,2019-12-27,Akiko
1177,61.0,1.0,1.0,,  I08N,1201.0,2.0,20191220.0,355.0,-16.4971,79.9993,5038,103.7,25.4195,25.4066,2.0,34.7386,2.0,,9.0,184.9,2.0,,9.0,,9.0,,9.0,,9.0,,9.0,,9.0,,9.0,,9.0,,9.0,,9.0,,9.0,,9.0,,9.0,,9.0,,9.0,,9.0,10.914,2.0,10.914,2.0,1.268,1.0,,9.0,,9.0,,9.0,0.575,2.0,97.849,2.0,25.4066,2.0,,,,,['I08N'],2019-12-05,2019-12-27,Akiko
1178,62.0,1.0,36.0,,  I08N,1236.0,2.0,20191220.0,952.0,-16.9985,80.001,5072,10.3,28.1886,28.1882,2.0,34.9207,2.0,34.92,2.0,199.5,2.0,198.8,2.0,1.96,2.0,0.04,2.0,0.0,2.0,0.1,2.0,0.04,2.0,1.449,2.0,0.933,2.0,0.127,2.0,1.654,2.0,1967.8,2.0,2292.8,2.0,,9.0,0.05,2.0,27.5,2.0,311.7,2.0,60.998,2.0,60.998,2.0,1.078,1.0,,9.0,,9.0,,9.0,0.043,2.0,98.663,2.0,28.1882,2.0,,,,,['I08N'],2019-12-05,2019-12-27,Akiko
1179,62.0,1.0,35.0,,  I08N,1235.0,2.0,20191220.0,952.0,-16.9985,80.001,5072,50.3,27.4715,27.4705,2.0,34.9385,2.0,34.9356,2.0,205.7,2.0,205.7,2.0,1.82,2.0,0.02,2.0,0.0,2.0,0.11,2.0,0.04,2.0,1.467,2.0,0.973,2.0,0.141,2.0,1.435,2.0,1975.0,2.0,2291.0,2.0,,9.0,0.1,2.0,29.9,2.0,312.4,2.0,15.247,2.0,15.247,2.0,1.084,1.0,,9.0,,9.0,,9.0,0.123,2.0,98.391,2.0,27.4705,2.0,,,,,['I08N'],2019-12-05,2019-12-27,Akiko
1180,62.0,1.0,34.0,,  I08N,1234.0,2.0,20191220.0,952.0,-16.9985,80.001,5072,100.0,24.9467,24.9466,2.0,34.9334,2.0,34.9375,2.0,214.5,2.0,214.1,2.0,1.98,2.0,0.05,2.0,0.01,2.0,0.07,2.0,0.04,2.0,1.674,2.0,1.062,2.0,0.143,2.0,1.786,2.0,1983.3,2.0,2293.6,2.0,,9.0,0.21,2.0,31.5,2.0,299.3,2.0,2.672,2.0,2.672,2.0,1.07,1.0,,9.0,,9.0,,9.0,0.202,2.0,98.72,2.0,24.9466,2.0,,,,,['I08N'],2019-12-05,2019-12-27,Akiko
1181,62.0,1.0,33.0,,  I08N,1233.0,2.0,20191220.0,952.0,-16.9985,80.001,5072,149.6,22.9561,22.9557,2.0,35.0956,2.0,35.1018,2.0,184.2,2.0,183.0,2.0,4.43,2.0,2.58,2.0,0.15,2.0,0.29,2.0,0.05,2.0,1.759,2.0,1.084,2.0,0.12,2.0,1.694,2.0,2034.7,2.0,2305.3,2.0,,9.0,0.23,2.0,31.1,2.0,331.0,2.0,0.168,2.0,0.168,2.0,1.221,1.0,,9.0,,9.0,,9.0,0.237,2.0,99.068,2.0,22.9557,2.0,,,,,['I08N'],2019-12-05,2019-12-27,Akiko
1182,62.0,1.0,32.0,,  I08N,1232.0,2.0,20191220.0,952.0,-16.9985,80.001,5072,199.6,20.1198,20.1195,2.0,35.3147,2.0,35.3632,2.0,155.3,2.0,159.4,2.0,7.79,2.0,7.16,2.0,0.01,2.0,0.54,2.0,0.06,2.0,1.883,2.0,1.132,2.0,0.024,2.0,1.565,2.0,2092.0,2.0,2322.5,2.0,,9.0,0.04,2.0,29.8,2.0,420.8,2.0,0.0,2.0,0.0,2.0,1.304,1.0,,9.0,,9.0,,9.0,0.065,2.0,99.483,2.0,20.1195,2.0,,,,,['I08N'],2019-12-05,2019-12-27,Akiko
1183,62.0,1.0,31.0,,  I08N,1231.0,2.0,20191220.0,952.0,-16.9985,80.001,5072,249.3,18.9029,18.9043,2.0,35.6963,2.0,35.6935,2.0,185.7,2.0,185.7,2.0,4.59,2.0,4.09,2.0,0.01,2.0,0.36,2.0,0.06,2.0,1.967,2.0,1.204,2.0,0.024,2.0,1.703,2.0,2101.4,2.0,2342.8,2.0,,9.0,0.0,2.0,26.7,2.0,419.7,2.0,0.0,2.0,0.0,2.0,1.241,1.0,,9.0,,9.0,,9.0,-0.004,2.0,99.692,2.0,18.9043,2.0,,,,,['I08N'],2019-12-05,2019-12-27,Akiko
1184,62.0,1.0,30.0,,  I08N,1230.0,2.0,20191220.0,952.0,-16.9985,80.001,5072,328.8,13.7447,13.7466,2.0,35.0857,2.0,35.0877,2.0,139.5,2.0,142.5,2.0,19.42,2.0,16.37,2.0,0.0,2.0,1.17,2.0,0.05,2.0,1.959,2.0,1.146,2.0,0.023,2.0,1.204,2.0,2166.6,2.0,2320.6,2.0,,9.0,,9.0,22.9,2.0,444.2,2.0,0.0,2.0,0.0,2.0,1.362,1.0,,9.0,,9.0,,9.0,-0.003,2.0,99.705,2.0,13.7466,2.0,,,,,['I08N'],2019-12-05,2019-12-27,Akiko
1185,62.0,1.0,29.0,,  I08N,1229.0,2.0,20191220.0,952.0,-16.9985,80.001,5072,429.3,11.5845,11.5864,2.0,35.0012,2.0,34.9843,2.0,220.0,2.0,220.2,2.0,4.88,2.0,12.23,2.0,0.0,2.0,0.89,2.0,0.05,2.0,3.059,2.0,1.732,2.0,0.087,2.0,1.799,2.0,2132.9,2.0,2309.5,2.0,,9.0,,9.0,47.9,2.0,436.3,2.0,0.0,2.0,0.0,2.0,1.194,1.0,,9.0,,9.0,,9.0,-0.002,2.0,99.802,2.0,11.5864,2.0,,,,,['I08N'],2019-12-05,2019-12-27,Akiko
1186,62.0,1.0,28.0,,  I08N,1228.0,2.0,20191220.0,952.0,-16.9985,80.001,5072,530.1,9.6386,9.6381,2.0,34.7265,2.0,34.7207,2.0,228.7,2.0,228.3,2.0,5.34,2.0,16.52,2.0,0.0,2.0,1.14,2.0,0.04,2.0,3.38,2.0,1.908,2.0,0.113,2.0,1.673,2.0,2143.8,2.0,2297.1,2.0,,9.0,,9.0,24.0,2.0,435.5,2.0,0.0,2.0,0.0,2.0,1.161,1.0,,9.0,,9.0,,9.0,-0.001,2.0,99.869,2.0,9.6381,2.0,,,,,['I08N'],2019-12-05,2019-12-27,Akiko
1187,62.0,1.0,27.0,,  I08N,1227.0,2.0,20191220.0,952.0,-16.9985,80.001,5072,631.1,7.7971,7.7969,2.0,34.5546,2.0,34.5513,2.0,193.3,2.0,191.6,2.0,17.74,2.0,24.45,2.0,0.01,2.0,1.66,2.0,0.04,2.0,2.502,2.0,1.323,2.0,0.07,2.0,0.789,2.0,2174.2,2.0,2297.0,2.0,,9.0,,9.0,24.5,2.0,445.7,2.0,0.0,2.0,0.0,2.0,1.231,1.0,,9.0,,9.0,,9.0,-0.001,2.0,99.88,2.0,7.7969,2.0,,,,,['I08N'],2019-12-05,2019-12-27,Akiko
1188,62.0,1.0,26.0,,  I08N,1226.0,2.0,20191220.0,952.0,-16.9985,80.001,5072,729.0,6.4923,6.491,2.0,34.5598,2.0,34.5611,2.0,141.8,2.0,140.6,2.0,43.3,2.0,31.24,2.0,0.01,2.0,2.17,2.0,0.07,2.0,0.924,2.0,0.481,2.0,0.025,2.0,0.187,2.0,2226.8,6.0,2317.6,2.0,,9.0,,9.0,27.1,2.0,445.9,2.0,0.0,2.0,0.0,2.0,1.338,1.0,,9.0,,9.0,,9.0,0.0,2.0,99.848,2.0,6.491,2.0,,,,,['I08N'],2019-12-05,2019-12-27,Akiko
1189,62.0,1.0,25.0,,  I08N,1225.0,2.0,20191220.0,952.0,-16.9985,80.001,5072,830.5,6.0417,6.0415,2.0,34.6471,2.0,34.6523,2.0,105.9,2.0,103.8,2.0,65.88,2.0,34.7,2.0,0.01,2.0,2.45,2.0,0.07,2.0,0.271,2.0,0.151,2.0,0.007,2.0,0.047,2.0,2263.9,2.0,2341.6,2.0,,9.0,,9.0,41.0,2.0,456.9,2.0,0.0,2.0,0.0,2.0,1.442,1.0,,9.0,,9.0,,9.0,-0.001,2.0,99.842,2.0,6.0415,2.0,,,,,['I08N'],2019-12-05,2019-12-27,Akiko
1190,62.0,1.0,24.0,,  I08N,1224.0,2.0,20191220.0,952.0,-16.9985,80.001,5072,930.6,5.6071,5.6068,2.0,34.6805,2.0,34.6799,2.0,95.9,2.0,95.9,2.0,78.09,2.0,35.9,2.0,0.0,2.0,2.55,2.0,0.06,2.0,0.124,2.0,0.067,2.0,0.006,2.0,0.006,2.0,2283.9,2.0,2354.1,2.0,,9.0,,9.0,32.8,2.0,450.7,2.0,0.0,2.0,0.0,2.0,1.476,1.0,,9.0,,9.0,,9.0,-0.001,2.0,99.848,2.0,5.6068,2.0,,,,,['I08N'],2019-12-05,2019-12-27,Akiko
1191,62.0,1.0,23.0,,  I08N,1223.0,2.0,20191220.0,952.0,-16.9985,80.001,5072,1069.6,5.0262,5.0269,2.0,34.6884,2.0,34.6882,2.0,97.9,2.0,97.6,2.0,87.21,2.0,36.19,2.0,0.0,2.0,2.59,2.0,0.06,2.0,0.061,2.0,0.033,2.0,0.002,2.0,0.003,2.0,2290.3,2.0,2363.9,2.0,,9.0,,9.0,29.0,2.0,457.7,2.0,0.0,2.0,0.0,2.0,1.496,1.0,,9.0,,9.0,,9.0,0.0,2.0,99.865,2.0,5.0269,2.0,,,,,['I08N'],2019-12-05,2019-12-27,Akiko
1192,62.0,1.0,22.0,,  I08N,1222.0,2.0,20191220.0,952.0,-16.9985,80.001,5072,1271.0,4.3295,4.3293,2.0,34.6921,2.0,34.692,2.0,107.6,2.0,108.0,2.0,94.35,2.0,36.13,2.0,0.0,2.0,2.58,2.0,0.06,2.0,0.024,2.0,0.011,2.0,0.0,2.0,0.004,2.0,2294.4,2.0,2371.0,6.0,,9.0,,9.0,21.4,2.0,474.4,2.0,0.0,2.0,0.0,2.0,1.49,1.0,,9.0,,9.0,,9.0,-0.001,2.0,99.873,2.0,4.3293,2.0,,,,,['I08N'],2019-12-05,2019-12-27,Akiko
1193,62.0,1.0,21.0,,  I08N,1221.0,2.0,20191220.0,952.0,-16.9985,80.001,5072,1469.0,3.7034,3.7028,2.0,34.7013,2.0,34.7011,2.0,119.7,2.0,119.3,2.0,99.04,2.0,35.98,2.0,0.0,2.0,2.55,2.0,0.06,2.0,0.014,2.0,0.005,2.0,0.002,2.0,0.0,2.0,2296.6,2.0,2374.2,2.0,,9.0,,9.0,21.3,2.0,467.1,2.0,0.0,2.0,0.0,2.0,1.487,1.0,,9.0,,9.0,,9.0,0.0,2.0,99.878,2.0,3.7028,2.0,,,,,['I08N'],2019-12-05,2019-12-27,Akiko
1194,62.0,1.0,20.0,,  I08N,1220.0,2.0,20191220.0,952.0,-16.9985,80.001,5072,1669.9,3.1737,3.175,2.0,34.715,2.0,34.7159,2.0,129.0,2.0,129.0,2.0,106.04,2.0,35.67,2.0,0.0,2.0,2.52,2.0,0.06,2.0,0.008,2.0,0.003,2.0,0.001,2.0,0.003,2.0,2302.5,3.0,2382.1,2.0,,9.0,,9.0,38.2,2.0,480.7,2.0,0.0,2.0,0.0,2.0,1.478,1.0,,9.0,,9.0,,9.0,0.0,2.0,99.867,2.0,3.175,2.0,,,,,['I08N'],2019-12-05,2019-12-27,Akiko
1195,62.0,1.0,19.0,,  I08N,1219.0,2.0,20191220.0,952.0,-16.9985,80.001,5072,1869.3,2.7598,2.7604,2.0,34.7243,2.0,34.7251,2.0,140.6,2.0,140.6,2.0,109.72,2.0,35.06,2.0,0.0,2.0,2.47,2.0,0.06,2.0,0.008,2.0,0.003,2.0,0.0,2.0,0.001,2.0,2298.1,2.0,2386.4,2.0,,9.0,,9.0,,9.0,,9.0,0.0,2.0,0.0,2.0,1.469,1.0,,9.0,,9.0,,9.0,0.0,2.0,99.88,2.0,2.7604,2.0,,,,,['I08N'],2019-12-05,2019-12-27,Akiko
1196,62.0,1.0,18.0,,  I08N,1218.0,2.0,20191220.0,952.0,-16.9985,80.001,5072,2070.1,2.4466,2.4465,2.0,34.7292,2.0,34.7298,2.0,149.2,2.0,149.2,2.0,113.25,2.0,34.7,2.0,0.0,2.0,2.43,2.0,0.07,2.0,0.012,2.0,0.003,2.0,0.003,2.0,0.005,2.0,2298.2,2.0,2389.9,2.0,,9.0,,9.0,,9.0,,9.0,0.0,2.0,0.0,2.0,1.466,1.0,,9.0,,9.0,,9.0,-0.001,2.0,99.882,2.0,2.4465,2.0,,,,,['I08N'],2019-12-05,2019-12-27,Akiko
1197,62.0,1.0,17.0,,  I08N,1217.0,2.0,20191220.0,952.0,-16.9985,80.001,5072,2269.4,2.2094,2.2099,2.0,34.7294,2.0,34.729,2.0,157.5,2.0,157.4,2.0,114.82,2.0,34.34,2.0,0.0,2.0,2.39,2.0,0.06,2.0,0.011,2.0,0.003,2.0,0.003,2.0,0.002,2.0,2293.1,2.0,2388.7,2.0,,9.0,,9.0,,9.0,,9.0,0.0,2.0,0.0,2.0,1.445,1.0,,9.0,,9.0,,9.0,0.0,2.0,99.89,2.0,2.2099,2.0,,,,,['I08N'],2019-12-05,2019-12-27,Akiko
1198,62.0,1.0,16.0,,  I08N,1216.0,2.0,20191220.0,952.0,-16.9985,80.001,5072,2470.5,1.9988,1.9986,2.0,34.7283,2.0,34.7281,2.0,165.2,2.0,165.2,2.0,116.15,2.0,33.9,2.0,0.0,2.0,2.35,2.0,0.05,2.0,0.009,2.0,0.002,2.0,0.0,2.0,0.0,2.0,2292.0,6.0,2390.3,2.0,,9.0,,9.0,,9.0,,9.0,0.0,2.0,0.0,2.0,1.427,1.0,,9.0,,9.0,,9.0,0.0,2.0,99.897,2.0,1.9986,2.0,,,,,['I08N'],2019-12-05,2019-12-27,Akiko
1199,62.0,1.0,15.0,,  I08N,1215.0,2.0,20191220.0,952.0,-16.9985,80.001,5072,2670.2,1.8504,1.8507,2.0,34.7274,2.0,34.7266,2.0,170.7,2.0,170.6,2.0,117.03,2.0,33.48,2.0,0.0,2.0,2.32,2.0,0.07,2.0,0.013,2.0,0.004,2.0,0.0,2.0,0.001,2.0,2288.9,2.0,2389.1,2.0,,9.0,,9.0,,9.0,,9.0,0.0,2.0,0.0,2.0,1.419,1.0,,9.0,,9.0,,9.0,-0.001,2.0,99.892,2.0,1.8507,2.0,,,,,['I08N'],2019-12-05,2019-12-27,Akiko
1200,62.0,1.0,14.0,,  I08N,1214.0,2.0,20191220.0,952.0,-16.9985,80.001,5072,2870.8,1.7343,1.7344,2.0,34.7267,2.0,34.7262,2.0,174.4,2.0,174.3,2.0,118.52,2.0,33.31,2.0,0.0,2.0,2.3,2.0,0.07,2.0,0.011,2.0,0.003,2.0,0.001,2.0,0.005,2.0,2289.9,2.0,2392.4,2.0,,9.0,,9.0,,9.0,,9.0,0.0,2.0,0.0,2.0,1.413,1.0,,9.0,,9.0,,9.0,0.0,2.0,99.895,2.0,1.7344,2.0,,,,,['I08N'],2019-12-05,2019-12-27,Akiko
1201,62.0,1.0,13.0,,  I08N,1213.0,2.0,20191220.0,952.0,-16.9985,80.001,5072,3081.6,1.6279,1.6277,2.0,34.7256,2.0,34.7263,2.0,175.4,2.0,175.3,2.0,122.69,2.0,33.57,2.0,0.0,2.0,2.31,2.0,0.06,2.0,0.012,2.0,0.004,2.0,0.001,2.0,0.001,2.0,2293.3,2.0,2395.3,2.0,,9.0,,9.0,,9.0,,9.0,0.0,2.0,0.0,2.0,1.403,1.0,,9.0,,9.0,,9.0,0.0,2.0,99.897,2.0,1.6277,2.0,,,,,['I08N'],2019-12-05,2019-12-27,Akiko
1202,62.0,1.0,12.0,,  I08N,1212.0,2.0,20191220.0,952.0,-16.9985,80.001,5072,3330.3,1.5292,1.5295,2.0,34.7238,2.0,34.7245,2.0,177.2,2.0,177.1,2.0,125.76,2.0,33.78,2.0,0.01,2.0,2.32,2.0,0.06,2.0,0.01,2.0,0.003,2.0,0.001,2.0,0.014,2.0,2293.6,2.0,2401.2,6.0,,9.0,,9.0,,9.0,,9.0,0.0,2.0,0.0,2.0,1.412,1.0,,9.0,,9.0,,9.0,0.0,2.0,99.897,2.0,1.5295,2.0,,,,,['I08N'],2019-12-05,2019-12-27,Akiko
1203,62.0,1.0,11.0,,  I08N,1211.0,2.0,20191220.0,952.0,-16.9985,80.001,5072,3580.2,1.4422,1.4421,2.0,34.722,2.0,34.7226,2.0,181.3,2.0,181.1,2.0,126.49,2.0,33.46,2.0,0.0,2.0,2.29,2.0,0.05,2.0,0.012,2.0,0.003,2.0,0.002,2.0,0.001,2.0,2293.3,2.0,2400.2,2.0,,9.0,,9.0,,9.0,,9.0,0.0,2.0,0.0,2.0,1.403,1.0,,9.0,,9.0,,9.0,0.0,2.0,99.899,2.0,1.4421,2.0,,,,,['I08N'],2019-12-05,2019-12-27,Akiko
1204,62.0,1.0,10.0,,  I08N,1210.0,2.0,20191220.0,952.0,-16.9985,80.001,5072,3829.9,1.391,1.3909,2.0,34.72,2.0,34.7204,2.0,183.2,2.0,183.0,2.0,128.0,2.0,33.41,2.0,0.01,2.0,2.3,2.0,0.05,2.0,0.012,2.0,0.003,2.0,0.001,2.0,0.008,2.0,2293.0,2.0,2402.8,2.0,,9.0,,9.0,,9.0,,9.0,0.0,2.0,0.0,2.0,1.399,1.0,,9.0,,9.0,,9.0,0.0,2.0,99.911,2.0,1.3909,2.0,,,,,['I08N'],2019-12-05,2019-12-27,Akiko
1205,62.0,1.0,9.0,,  I08N,1209.0,2.0,20191220.0,952.0,-16.9985,80.001,5072,4079.4,1.3776,1.3777,2.0,34.7187,2.0,34.7194,2.0,183.2,2.0,183.1,2.0,129.86,2.0,33.59,2.0,0.0,2.0,2.3,2.0,0.05,2.0,0.013,2.0,0.003,2.0,0.0,2.0,0.002,2.0,2295.5,2.0,2403.1,2.0,,9.0,,9.0,,9.0,,9.0,0.0,2.0,0.0,2.0,1.415,1.0,,9.0,,9.0,,9.0,0.0,2.0,99.899,2.0,1.3777,2.0,,,,,['I08N'],2019-12-05,2019-12-27,Akiko
1206,62.0,1.0,8.0,,  I08N,12103.0,2.0,20191220.0,952.0,-16.9985,80.001,5072,4329.3,1.3824,1.3825,2.0,34.7178,2.0,34.7185,2.0,182.8,2.0,182.7,2.0,131.51,2.0,33.74,2.0,0.0,2.0,2.31,2.0,0.05,2.0,0.012,2.0,0.004,2.0,0.0,2.0,0.002,2.0,2297.4,6.0,2406.7,2.0,,9.0,,9.0,,9.0,,9.0,0.0,2.0,0.0,2.0,1.404,1.0,,9.0,,9.0,,9.0,0.0,2.0,99.895,2.0,1.3825,2.0,,,,,['I08N'],2019-12-05,2019-12-27,Akiko
1207,62.0,1.0,7.0,,  I08N,1207.0,2.0,20191220.0,952.0,-16.9985,80.001,5072,4580.3,1.3991,1.3991,2.0,34.7173,2.0,34.7178,2.0,182.5,2.0,182.5,2.0,132.72,2.0,33.64,2.0,0.0,2.0,2.31,2.0,0.06,2.0,0.014,2.0,0.004,2.0,0.001,2.0,0.0,2.0,2298.0,2.0,2409.4,2.0,,9.0,,9.0,,9.0,,9.0,0.0,2.0,0.0,2.0,1.422,1.0,,9.0,,9.0,,9.0,0.0,2.0,99.882,2.0,1.3991,2.0,,,,,['I08N'],2019-12-05,2019-12-27,Akiko
1208,62.0,1.0,6.0,,  I08N,1206.0,2.0,20191220.0,952.0,-16.9985,80.001,5072,4829.9,1.4238,1.4238,2.0,34.7171,2.0,34.7174,2.0,182.3,2.0,182.3,2.0,132.79,2.0,33.71,2.0,0.0,2.0,2.31,2.0,0.06,2.0,0.01,2.0,0.004,2.0,0.0,2.0,0.014,2.0,2299.1,2.0,2408.2,6.0,,9.0,,9.0,,9.0,,9.0,0.0,2.0,0.0,2.0,1.429,1.0,,9.0,,9.0,,9.0,0.0,2.0,99.873,2.0,1.4238,2.0,,,,,['I08N'],2019-12-05,2019-12-27,Akiko
1209,62.0,1.0,2.0,,  I08N,12046.0,2.0,20191220.0,952.0,-16.9985,80.001,5072,145.2,23.1855,23.189,2.0,35.0695,2.0,35.0749,2.0,189.5,2.0,189.6,2.0,3.73,2.0,1.44,2.0,0.1,2.0,0.22,2.0,0.06,2.0,,9.0,,9.0,,9.0,,9.0,2021.9,2.0,2304.7,2.0,,9.0,0.27,2.0,27.5,2.0,304.6,2.0,0.257,2.0,0.257,2.0,1.221,1.0,,9.0,,9.0,,9.0,0.319,2.0,98.954,2.0,23.189,2.0,,,,,['I08N'],2019-12-05,2019-12-27,Akiko
1210,62.0,1.0,1.0,,  I08N,1201.0,2.0,20191220.0,952.0,-16.9985,80.001,5072,5142.3,1.4491,1.4492,2.0,34.7169,2.0,34.7172,2.0,183.2,2.0,183.2,2.0,132.07,2.0,33.65,2.0,0.0,2.0,2.3,2.0,0.07,2.0,0.012,2.0,0.003,2.0,0.002,2.0,0.004,2.0,2297.2,2.0,2408.8,2.0,,9.0,,9.0,,9.0,,9.0,0.0,2.0,0.0,2.0,1.416,1.0,,9.0,,9.0,,9.0,0.0,2.0,99.871,2.0,1.4492,2.0,,,,,['I08N'],2019-12-05,2019-12-27,Akiko
1211,64.0,1.0,36.0,,  I08N,1236.0,2.0,20191220.0,2137.0,-17.9988,80.0008,5100,10.5,28.7386,28.737,2.0,35.085,2.0,35.0852,2.0,196.5,2.0,196.5,2.0,1.66,2.0,0.02,2.0,0.0,2.0,0.1,2.0,0.02,2.0,1.411,2.0,0.909,2.0,0.125,2.0,1.548,2.0,1970.8,2.0,2299.2,2.0,60.3,2.0,0.08,2.0,,9.0,,9.0,2.152,2.0,2.152,2.0,1.1,1.0,0.192,2.0,0.09,2.0,0.014,2.0,0.058,2.0,98.777,2.0,28.737,2.0,,,,,['I08N'],2019-12-05,2019-12-27,Akiko
1212,64.0,1.0,35.0,,  I08N,1235.0,2.0,20191220.0,2137.0,-17.9988,80.0008,5100,49.5,27.8399,27.8397,2.0,35.0021,2.0,35.0016,2.0,202.6,2.0,202.9,2.0,1.7,2.0,0.05,2.0,0.0,2.0,0.12,2.0,0.03,2.0,1.479,2.0,0.943,2.0,0.131,2.0,1.583,2.0,1971.1,2.0,2295.3,2.0,78.1,2.0,0.11,2.0,,9.0,,9.0,0.102,2.0,0.102,2.0,1.083,1.0,0.202,2.0,0.101,2.0,0.016,2.0,0.097,2.0,98.75,2.0,27.8397,2.0,,,,,['I08N'],2019-12-05,2019-12-27,Akiko
1213,64.0,1.0,34.0,,  I08N,1234.0,2.0,20191220.0,2137.0,-17.9988,80.0008,5100,100.1,23.847,23.847,2.0,35.2136,2.0,35.2094,2.0,214.5,2.0,214.6,2.0,1.98,2.0,0.04,2.0,0.0,2.0,0.08,2.0,0.06,2.0,1.739,2.0,1.089,2.0,0.15,2.0,1.742,2.0,2002.0,2.0,2309.4,2.0,75.3,2.0,0.22,2.0,,9.0,,9.0,0.0,2.0,0.0,2.0,1.07,1.0,0.244,2.0,0.129,2.0,0.016,2.0,0.191,2.0,98.84,2.0,23.847,2.0,,,,,['I08N'],2019-12-05,2019-12-27,Akiko
1214,64.0,1.0,33.0,,  I08N,1233.0,2.0,20191220.0,2137.0,-17.9988,80.0008,5100,149.7,22.5951,22.5958,2.0,35.3713,2.0,35.3715,2.0,206.1,2.0,206.3,2.0,2.32,2.0,0.08,2.0,0.02,2.0,0.12,2.0,0.09,2.0,1.794,2.0,1.12,2.0,0.149,2.0,1.678,2.0,2023.9,2.0,2319.8,2.0,70.5,2.0,0.25,2.0,,9.0,,9.0,0.0,2.0,0.0,2.0,1.188,1.0,0.252,2.0,0.144,2.0,0.022,2.0,0.224,2.0,99.001,2.0,22.5958,2.0,,,,,['I08N'],2019-12-05,2019-12-27,Akiko
1215,64.0,1.0,32.0,,  I08N,1232.0,2.0,20191220.0,2137.0,-17.9988,80.0008,5100,201.0,20.5789,20.5807,2.0,35.6174,2.0,35.6178,2.0,186.2,2.0,186.3,2.0,3.28,2.0,2.78,2.0,0.02,2.0,0.28,2.0,0.05,2.0,1.956,2.0,1.216,2.0,0.062,2.0,1.643,2.0,2073.5,2.0,2335.4,2.0,56.2,2.0,0.06,2.0,,9.0,,9.0,0.0,2.0,0.0,2.0,1.242,1.0,0.277,2.0,0.17,2.0,0.029,2.0,0.07,2.0,99.477,2.0,20.5807,2.0,,,,,['I08N'],2019-12-05,2019-12-27,Akiko
1216,64.0,1.0,31.0,,  I08N,1231.0,2.0,20191220.0,2137.0,-17.9988,80.0008,5100,249.4,18.5521,18.5816,2.0,35.5718,2.0,35.5666,2.0,172.9,2.0,172.9,2.0,7.17,2.0,6.36,2.0,0.01,2.0,0.51,2.0,0.03,2.0,1.999,2.0,1.234,2.0,0.02,2.0,1.529,2.0,2104.2,2.0,2337.4,2.0,54.5,2.0,0.01,2.0,,9.0,,9.0,0.0,2.0,0.0,2.0,1.282,1.0,,9.0,,9.0,,9.0,-0.003,2.0,99.625,2.0,18.5816,2.0,,,,,['I08N'],2019-12-05,2019-12-27,Akiko
1217,64.0,1.0,30.0,,  I08N,1230.0,2.0,20191220.0,2137.0,-17.9988,80.0008,5100,280.7,17.0832,17.0841,2.0,35.5222,2.0,35.5322,2.0,173.9,2.0,176.4,2.0,7.88,2.0,7.31,2.0,0.01,2.0,0.57,2.0,0.04,2.0,2.123,2.0,1.296,2.0,0.022,2.0,1.612,2.0,2116.4,2.0,2338.6,2.0,56.6,2.0,,9.0,,9.0,,9.0,0.0,2.0,0.0,2.0,1.307,1.0,0.24,2.0,0.141,2.0,0.025,2.0,-0.005,2.0,99.69,2.0,17.0841,2.0,,,,,['I08N'],2019-12-05,2019-12-27,Akiko
1218,64.0,1.0,29.0,,  I08N,1229.0,2.0,20191220.0,2137.0,-17.9988,80.0008,5100,370.4,14.0743,14.0718,2.0,35.3504,2.0,35.3337,2.0,208.7,2.0,209.9,2.0,4.05,2.0,7.68,2.0,0.0,2.0,0.61,2.0,0.03,2.0,2.614,2.0,1.6,2.0,0.056,2.0,1.889,2.0,2122.6,2.0,2326.2,2.0,48.3,2.0,,9.0,,9.0,,9.0,0.0,2.0,0.0,2.0,1.227,1.0,0.207,2.0,0.123,2.0,0.018,2.0,-0.003,2.0,99.764,2.0,14.0718,2.0,,,,,['I08N'],2019-12-05,2019-12-27,Akiko
1219,64.0,1.0,28.0,,  I08N,1228.0,2.0,20191220.0,2137.0,-17.9988,80.0008,5100,469.4,10.9527,10.9571,2.0,34.9128,2.0,34.9053,2.0,219.4,2.0,219.3,2.0,5.6,2.0,13.76,2.0,0.01,2.0,0.98,2.0,0.03,2.0,3.066,2.0,1.8,2.0,0.107,2.0,1.707,2.0,2135.2,2.0,2304.5,2.0,45.1,2.0,,9.0,,9.0,,9.0,0.0,2.0,0.0,2.0,1.198,1.0,0.203,2.0,0.116,2.0,0.02,2.0,-0.002,2.0,99.812,2.0,10.9571,2.0,,,,,['I08N'],2019-12-05,2019-12-27,Akiko
1220,64.0,1.0,27.0,,  I08N,1227.0,2.0,20191220.0,2137.0,-17.9988,80.0008,5100,571.9,9.3983,9.4021,2.0,34.6957,2.0,34.694,2.0,225.8,2.0,225.9,2.0,6.02,2.0,17.38,2.0,0.01,2.0,1.2,2.0,0.04,2.0,3.288,2.0,1.908,2.0,0.125,2.0,1.639,2.0,2143.2,2.0,2297.3,2.0,46.0,2.0,,9.0,,9.0,,9.0,0.0,2.0,0.0,2.0,1.165,1.0,0.197,2.0,0.107,2.0,0.02,2.0,0.0,2.0,99.861,2.0,9.4021,2.0,,,,,['I08N'],2019-12-05,2019-12-27,Akiko
1221,64.0,1.0,26.0,,  I08N,1226.0,2.0,20191220.0,2137.0,-17.9988,80.0008,5100,669.7,7.761,7.7617,2.0,34.5482,2.0,34.5452,2.0,195.6,2.0,194.6,2.0,17.22,2.0,24.49,2.0,0.0,2.0,1.65,2.0,0.05,2.0,2.607,2.0,1.378,2.0,0.085,2.0,0.804,2.0,2168.8,6.0,2293.3,2.0,44.0,2.0,,9.0,,9.0,,9.0,0.0,2.0,0.0,2.0,1.21,1.0,,9.0,,9.0,,9.0,0.0,2.0,99.878,2.0,7.7617,2.0,,,,,['I08N'],2019-12-05,2019-12-27,Akiko
1222,64.0,1.0,25.0,,  I08N,1225.0,2.0,20191220.0,2137.0,-17.9988,80.0008,5100,769.7,6.0858,6.0877,2.0,34.5167,2.0,34.5187,2.0,150.2,2.0,149.2,2.0,43.57,2.0,31.76,2.0,0.01,2.0,2.19,2.0,0.03,2.0,1.057,2.0,0.529,2.0,0.039,2.0,0.21,2.0,2220.1,2.0,2316.9,2.0,47.4,2.0,,9.0,,9.0,,9.0,0.0,2.0,0.0,2.0,1.335,1.0,0.261,2.0,0.15,2.0,0.024,2.0,-0.001,2.0,99.857,2.0,6.0877,2.0,,,,,['I08N'],2019-12-05,2019-12-27,Akiko
1223,64.0,1.0,24.0,,  I08N,1224.0,2.0,20191220.0,2137.0,-17.9988,80.0008,5100,869.6,5.4085,5.4117,2.0,34.5737,2.0,34.5744,2.0,124.1,2.0,123.8,2.0,63.71,2.0,34.68,2.0,0.0,2.0,2.42,2.0,0.04,2.0,0.359,2.0,0.183,2.0,0.013,2.0,0.05,2.0,2254.2,2.0,2334.7,2.0,40.7,2.0,,9.0,,9.0,,9.0,0.0,2.0,0.0,2.0,1.393,1.0,,9.0,,9.0,,9.0,0.0,2.0,99.842,2.0,5.4117,2.0,,,,,['I08N'],2019-12-05,2019-12-27,Akiko
1224,64.0,1.0,23.0,,  I08N,1223.0,2.0,20191220.0,2137.0,-17.9988,80.0008,5100,969.9,5.0025,5.0025,2.0,34.6249,2.0,34.6287,2.0,114.1,2.0,113.0,2.0,76.61,2.0,35.7,2.0,0.0,2.0,2.52,2.0,0.04,2.0,0.155,2.0,0.081,2.0,0.005,2.0,0.001,2.0,2271.4,2.0,2348.6,2.0,39.5,2.0,,9.0,,9.0,,9.0,0.0,2.0,0.0,2.0,1.442,1.0,0.305,2.0,0.158,2.0,0.025,2.0,-0.001,2.0,99.857,2.0,5.0025,2.0,,,,,['I08N'],2019-12-05,2019-12-27,Akiko
1225,64.0,1.0,22.0,,  I08N,1222.0,2.0,20191220.0,2137.0,-17.9988,80.0008,5100,1130.4,4.7086,4.708,2.0,34.683,2.0,34.6836,2.0,104.2,2.0,104.0,2.0,89.22,2.0,36.29,2.0,0.0,2.0,2.58,2.0,0.03,2.0,0.062,2.0,0.031,2.0,0.004,2.0,0.024,2.0,2289.3,2.0,2363.6,6.0,40.5,2.0,,9.0,,9.0,,9.0,0.0,2.0,0.0,2.0,1.484,1.0,,9.0,,9.0,,9.0,0.0,2.0,99.857,2.0,4.708,2.0,,,,,['I08N'],2019-12-05,2019-12-27,Akiko
1226,64.0,1.0,21.0,,  I08N,1221.0,2.0,20191220.0,2137.0,-17.9988,80.0008,5100,1332.0,4.0617,4.0615,2.0,34.699,2.0,34.6993,2.0,113.1,2.0,113.0,2.0,96.35,2.0,36.17,2.0,0.0,2.0,2.57,2.0,0.05,2.0,0.026,2.0,0.012,2.0,0.001,2.0,0.0,2.0,2293.0,2.0,2370.3,2.0,39.6,2.0,,9.0,,9.0,,9.0,0.0,2.0,0.0,2.0,1.495,1.0,0.325,2.0,0.177,2.0,0.027,2.0,0.0,2.0,99.863,2.0,4.0615,2.0,,,,,['I08N'],2019-12-05,2019-12-27,Akiko
1227,64.0,1.0,20.0,,  I08N,1220.0,2.0,20191220.0,2137.0,-17.9988,80.0008,5100,1529.3,3.5177,3.5188,2.0,34.7066,2.0,34.7065,2.0,125.0,2.0,125.0,2.0,100.44,2.0,35.85,2.0,0.0,2.0,2.52,2.0,0.04,2.0,0.018,2.0,0.007,2.0,0.001,2.0,0.006,2.0,2293.1,2.0,2375.0,2.0,42.6,2.0,,9.0,,9.0,,9.0,0.0,2.0,0.0,2.0,1.483,1.0,,9.0,,9.0,,9.0,-0.001,2.0,99.867,2.0,3.5188,2.0,,,,,['I08N'],2019-12-05,2019-12-27,Akiko
1228,64.0,1.0,19.0,,  I08N,1219.0,2.0,20191220.0,2137.0,-17.9988,80.0008,5100,1728.7,3.0342,3.0354,2.0,34.716,2.0,34.7161,2.0,135.3,2.0,135.2,2.0,105.62,2.0,35.41,2.0,0.0,2.0,2.48,2.0,0.01,2.0,0.014,2.0,0.006,2.0,0.003,2.0,0.012,2.0,2294.7,2.0,2379.8,2.0,37.5,2.0,,9.0,,9.0,,9.0,0.0,2.0,0.0,2.0,1.458,1.0,0.32,2.0,0.169,2.0,0.031,2.0,-0.001,2.0,99.878,2.0,3.0354,2.0,,,,,['I08N'],2019-12-05,2019-12-27,Akiko
1229,64.0,1.0,18.0,,  I08N,1218.0,2.0,20191220.0,2137.0,-17.9988,80.0008,5100,1929.2,2.6665,2.666,2.0,34.7247,2.0,34.7244,2.0,144.1,2.0,143.9,2.0,110.23,2.0,35.0,2.0,0.0,2.0,2.45,2.0,0.04,2.0,0.01,2.0,0.003,2.0,0.0,2.0,0.0,2.0,2293.5,2.0,2383.3,2.0,37.9,2.0,,9.0,,9.0,,9.0,0.0,2.0,0.0,2.0,1.467,1.0,,9.0,,9.0,,9.0,-0.001,2.0,99.886,2.0,2.666,2.0,,,,,['I08N'],2019-12-05,2019-12-27,Akiko
1230,64.0,1.0,17.0,,  I08N,1217.0,2.0,20191220.0,2137.0,-17.9988,80.0008,5100,2130.1,2.3548,2.356,2.0,34.7263,2.0,34.7257,2.0,154.9,2.0,154.8,2.0,111.93,2.0,34.49,2.0,0.0,2.0,2.4,2.0,0.05,2.0,0.014,2.0,0.005,2.0,0.005,2.0,0.021,2.0,2290.7,2.0,2385.7,2.0,35.3,2.0,,9.0,,9.0,,9.0,0.0,2.0,0.0,2.0,1.446,1.0,0.325,2.0,0.177,2.0,0.031,2.0,-0.001,2.0,99.89,2.0,2.356,2.0,,,,,['I08N'],2019-12-05,2019-12-27,Akiko
1231,64.0,1.0,16.0,,  I08N,1216.0,2.0,20191220.0,2137.0,-17.9988,80.0008,5100,2331.3,2.1196,2.1197,2.0,34.7271,2.0,34.7266,2.0,162.5,2.0,162.4,2.0,113.9,2.0,34.01,2.0,0.01,2.0,2.36,2.0,0.05,2.0,0.014,2.0,0.004,2.0,0.002,2.0,0.0,2.0,2290.2,6.0,2385.4,2.0,38.7,2.0,,9.0,,9.0,,9.0,0.0,2.0,0.0,2.0,1.416,1.0,,9.0,,9.0,,9.0,-0.001,2.0,99.878,2.0,2.1197,2.0,,,,,['I08N'],2019-12-05,2019-12-27,Akiko
1232,64.0,1.0,15.0,,  I08N,1215.0,2.0,20191220.0,2137.0,-17.9988,80.0008,5100,2531.1,1.9234,1.9246,2.0,34.7275,2.0,34.7269,2.0,169.0,2.0,168.9,2.0,115.54,2.0,33.77,2.0,0.0,2.0,2.32,2.0,0.05,2.0,0.016,2.0,0.007,2.0,0.003,2.0,0.0,2.0,2287.6,2.0,2387.0,2.0,35.8,2.0,,9.0,,9.0,,9.0,0.0,2.0,0.0,2.0,1.406,1.0,0.301,2.0,0.153,2.0,0.023,2.0,0.0,2.0,99.892,2.0,1.9246,2.0,,,,,['I08N'],2019-12-05,2019-12-27,Akiko
1233,64.0,1.0,14.0,,  I08N,1214.0,2.0,20191220.0,2137.0,-17.9988,80.0008,5100,2730.8,1.7821,1.7822,2.0,34.7273,2.0,34.7269,2.0,172.5,2.0,172.6,2.0,118.47,2.0,33.72,2.0,0.0,2.0,2.31,2.0,0.06,2.0,0.013,2.0,0.004,2.0,0.004,2.0,0.024,2.0,2287.6,2.0,2390.7,2.0,38.7,2.0,,9.0,,9.0,,9.0,0.0,2.0,0.0,2.0,1.406,1.0,,9.0,,9.0,,9.0,0.0,2.0,99.882,2.0,1.7822,2.0,,,,,['I08N'],2019-12-05,2019-12-27,Akiko
1234,64.0,1.0,13.0,,  I08N,1213.0,2.0,20191220.0,2137.0,-17.9988,80.0008,5100,2929.8,1.6818,1.6818,2.0,34.7265,2.0,34.7259,2.0,174.1,2.0,174.2,2.0,121.49,2.0,33.64,2.0,0.0,2.0,2.31,2.0,0.06,2.0,0.013,2.0,0.003,2.0,0.0,2.0,0.003,2.0,2295.1,2.0,2393.5,2.0,39.7,2.0,,9.0,,9.0,,9.0,0.0,2.0,0.0,2.0,1.412,1.0,0.303,2.0,0.155,2.0,0.024,2.0,0.0,2.0,99.873,2.0,1.6818,2.0,,,,,['I08N'],2019-12-05,2019-12-27,Akiko
1235,64.0,1.0,12.0,,  I08N,1212.0,2.0,20191220.0,2137.0,-17.9988,80.0008,5100,3170.6,1.5628,1.5632,2.0,34.7248,2.0,34.7246,2.0,176.0,2.0,175.9,2.0,125.0,2.0,33.77,2.0,0.0,2.0,2.32,2.0,0.05,2.0,0.016,2.0,0.006,2.0,0.005,2.0,0.011,2.0,2296.0,2.0,2396.9,6.0,36.5,2.0,,9.0,,9.0,,9.0,0.0,2.0,0.0,2.0,1.412,1.0,,9.0,,9.0,,9.0,0.0,2.0,99.884,2.0,1.5632,2.0,,,,,['I08N'],2019-12-05,2019-12-27,Akiko
1236,64.0,1.0,11.0,,  I08N,1211.0,2.0,20191220.0,2137.0,-17.9988,80.0008,5100,3420.9,1.4615,1.4613,2.0,34.7227,2.0,34.7227,2.0,179.1,2.0,179.1,2.0,127.15,2.0,33.83,2.0,0.0,2.0,2.31,2.0,0.05,2.0,0.014,2.0,0.006,2.0,0.003,2.0,0.0,2.0,2295.3,2.0,2401.5,2.0,35.1,2.0,,9.0,,9.0,,9.0,0.0,2.0,0.0,2.0,1.423,1.0,0.306,2.0,0.155,2.0,0.024,2.0,0.0,2.0,99.886,2.0,1.4613,2.0,,,,,['I08N'],2019-12-05,2019-12-27,Akiko
1237,64.0,1.0,10.0,,  I08N,1210.0,2.0,20191220.0,2137.0,-17.9988,80.0008,5100,3670.4,1.4016,1.4015,2.0,34.7209,2.0,34.721,2.0,182.1,2.0,182.0,2.0,127.96,2.0,33.69,2.0,0.0,2.0,2.3,2.0,0.05,2.0,0.017,2.0,0.005,2.0,0.003,2.0,0.0,2.0,2297.7,2.0,2401.3,2.0,39.2,2.0,,9.0,,9.0,,9.0,0.0,2.0,0.0,2.0,1.398,1.0,,9.0,,9.0,,9.0,0.0,2.0,99.892,2.0,1.4015,2.0,,,,,['I08N'],2019-12-05,2019-12-27,Akiko
1238,64.0,1.0,9.0,,  I08N,1209.0,2.0,20191220.0,2137.0,-17.9988,80.0008,5100,3920.7,1.3739,1.3736,2.0,34.7192,2.0,34.7192,2.0,183.0,2.0,182.9,2.0,129.56,2.0,33.65,2.0,0.0,2.0,2.3,2.0,0.05,2.0,0.013,2.0,0.004,2.0,0.002,2.0,0.0,2.0,2298.7,2.0,2403.5,2.0,37.8,2.0,,9.0,,9.0,,9.0,0.0,2.0,0.0,2.0,1.409,1.0,0.322,2.0,0.163,2.0,0.03,2.0,0.0,2.0,99.895,2.0,1.3736,2.0,,,,,['I08N'],2019-12-05,2019-12-27,Akiko
1239,64.0,1.0,8.0,,  I08N,12103.0,2.0,20191220.0,2137.0,-17.9988,80.0008,5100,4168.7,1.3683,1.3683,2.0,34.7181,2.0,34.7184,2.0,183.0,2.0,182.8,2.0,130.9,2.0,33.7,2.0,0.0,2.0,2.3,2.0,0.07,2.0,0.011,2.0,0.003,2.0,0.001,2.0,0.005,2.0,2296.6,6.0,2405.6,2.0,39.0,2.0,,9.0,,9.0,,9.0,0.0,2.0,0.0,2.0,1.41,1.0,,9.0,,9.0,,9.0,0.0,2.0,99.892,2.0,1.3683,2.0,,,,,['I08N'],2019-12-05,2019-12-27,Akiko
1240,64.0,1.0,7.0,,  I08N,1207.0,2.0,20191220.0,2137.0,-17.9988,80.0008,5100,4422.3,1.3784,1.3783,2.0,34.7174,2.0,34.7176,2.0,183.0,2.0,182.8,2.0,132.01,2.0,33.87,2.0,0.0,2.0,2.31,2.0,0.03,2.0,0.018,2.0,0.005,2.0,0.002,2.0,0.009,2.0,2302.7,2.0,2405.4,2.0,38.4,2.0,,9.0,,9.0,,9.0,0.0,2.0,0.0,2.0,1.41,1.0,0.306,2.0,0.153,2.0,0.024,2.0,0.0,2.0,99.88,2.0,1.3783,2.0,,,,,['I08N'],2019-12-05,2019-12-27,Akiko
1241,64.0,1.0,6.0,,  I08N,1206.0,2.0,20191220.0,2137.0,-17.9988,80.0008,5100,4672.7,1.3981,1.3982,2.0,34.7172,2.0,34.7176,2.0,183.0,2.0,183.0,2.0,132.46,2.0,33.66,2.0,0.0,2.0,2.31,2.0,0.02,2.0,0.014,2.0,0.004,2.0,0.001,2.0,0.003,2.0,2299.0,2.0,2407.2,6.0,21.7,4.0,,9.0,,9.0,,9.0,0.0,2.0,0.0,2.0,1.418,1.0,,9.0,,9.0,,9.0,0.0,2.0,99.871,2.0,1.3982,2.0,,,,,['I08N'],2019-12-05,2019-12-27,Akiko
1242,64.0,1.0,5.0,,  I08N,1205.0,2.0,20191220.0,2137.0,-17.9988,80.0008,5100,4920.8,1.4199,1.42,2.0,34.7171,2.0,34.7173,2.0,183.4,2.0,183.7,2.0,132.28,2.0,33.61,2.0,0.01,2.0,2.31,2.0,0.04,2.0,0.017,2.0,0.005,2.0,0.003,2.0,0.02,2.0,2297.7,2.0,2405.7,2.0,36.2,2.0,,9.0,,9.0,,9.0,0.0,2.0,0.0,2.0,1.418,1.0,0.358,2.0,0.195,2.0,0.036,2.0,0.0,2.0,99.865,2.0,1.42,2.0,,,,,['I08N'],2019-12-05,2019-12-27,Akiko
1243,65.0,1.0,36.0,,  I08N,1236.0,2.0,20191221.0,408.0,-18.4975,79.9997,5071,10.1,28.2395,28.2403,2.0,35.0268,2.0,,9.0,199.2,2.0,,9.0,,9.0,,9.0,,9.0,,9.0,,9.0,,9.0,,9.0,,9.0,,9.0,,9.0,,9.0,,9.0,,9.0,,9.0,,9.0,709.886,2.0,709.886,2.0,0.998,1.0,,9.0,,9.0,,9.0,0.041,2.0,98.756,2.0,28.2403,2.0,,,,,['I08N'],2019-12-05,2019-12-27,Akiko
1244,65.0,1.0,35.0,,  I08N,1235.0,2.0,20191221.0,408.0,-18.4975,79.9997,5071,10.3,28.2412,28.2406,2.0,35.0266,2.0,,9.0,199.2,2.0,,9.0,,9.0,,9.0,,9.0,,9.0,,9.0,,9.0,,9.0,,9.0,,9.0,,9.0,,9.0,,9.0,,9.0,,9.0,,9.0,666.736,2.0,666.736,2.0,0.998,1.0,,9.0,,9.0,,9.0,0.041,2.0,98.764,2.0,28.2406,2.0,,,,,['I08N'],2019-12-05,2019-12-27,Akiko
1245,65.0,1.0,33.0,,  I08N,1233.0,2.0,20191221.0,408.0,-18.4975,79.9997,5071,10.2,28.2364,28.2373,2.0,35.0267,2.0,,9.0,199.2,2.0,,9.0,,9.0,,9.0,,9.0,,9.0,,9.0,,9.0,,9.0,,9.0,,9.0,,9.0,,9.0,,9.0,,9.0,,9.0,,9.0,643.016,2.0,643.016,2.0,0.998,1.0,,9.0,,9.0,,9.0,0.042,2.0,98.769,2.0,28.2373,2.0,,,,,['I08N'],2019-12-05,2019-12-27,Akiko
1246,65.0,1.0,32.0,,  I08N,1232.0,2.0,20191221.0,408.0,-18.4975,79.9997,5071,51.0,26.7344,26.7282,2.0,34.9111,2.0,,9.0,210.8,2.0,,9.0,,9.0,,9.0,,9.0,,9.0,,9.0,,9.0,,9.0,,9.0,,9.0,,9.0,,9.0,,9.0,,9.0,,9.0,,9.0,115.196,2.0,115.196,2.0,1.052,1.0,,9.0,,9.0,,9.0,0.123,2.0,98.452,2.0,26.7282,2.0,,,,,['I08N'],2019-12-05,2019-12-27,Akiko
1247,65.0,1.0,31.0,,  I08N,1231.0,2.0,20191221.0,408.0,-18.4975,79.9997,5071,51.0,26.7341,26.7467,2.0,34.9109,2.0,,9.0,210.6,2.0,,9.0,,9.0,,9.0,,9.0,,9.0,,9.0,,9.0,,9.0,,9.0,,9.0,,9.0,,9.0,,9.0,,9.0,,9.0,,9.0,114.666,2.0,114.666,2.0,1.038,1.0,,9.0,,9.0,,9.0,0.113,2.0,98.459,2.0,26.7467,2.0,,,,,['I08N'],2019-12-05,2019-12-27,Akiko
1248,65.0,1.0,30.0,,  I08N,1230.0,2.0,20191221.0,408.0,-18.4975,79.9997,5071,50.4,26.7446,26.7502,2.0,34.9107,2.0,,9.0,210.6,2.0,,9.0,,9.0,,9.0,,9.0,,9.0,,9.0,,9.0,,9.0,,9.0,,9.0,,9.0,,9.0,,9.0,,9.0,,9.0,,9.0,119.456,2.0,119.456,2.0,1.048,1.0,,9.0,,9.0,,9.0,0.114,2.0,98.456,2.0,26.7502,2.0,,,,,['I08N'],2019-12-05,2019-12-27,Akiko
1249,65.0,1.0,29.0,,  I08N,1229.0,2.0,20191221.0,408.0,-18.4975,79.9997,5071,51.1,26.7271,26.7427,2.0,34.9109,2.0,,9.0,210.6,2.0,,9.0,,9.0,,9.0,,9.0,,9.0,,9.0,,9.0,,9.0,,9.0,,9.0,,9.0,,9.0,,9.0,,9.0,,9.0,,9.0,117.686,2.0,117.686,2.0,1.048,1.0,,9.0,,9.0,,9.0,0.113,2.0,98.465,2.0,26.7427,2.0,,,,,['I08N'],2019-12-05,2019-12-27,Akiko
1250,65.0,1.0,28.0,,  I08N,1228.0,2.0,20191221.0,408.0,-18.4975,79.9997,5071,99.8,22.7218,22.7202,2.0,34.9402,2.0,,9.0,167.4,2.0,,9.0,,9.0,,9.0,,9.0,,9.0,,9.0,,9.0,,9.0,,9.0,,9.0,,9.0,,9.0,,9.0,,9.0,,9.0,,9.0,8.813,2.0,8.813,2.0,1.234,1.0,,9.0,,9.0,,9.0,0.44,2.0,98.507,2.0,22.7202,2.0,,,,,['I08N'],2019-12-05,2019-12-27,Akiko
1251,65.0,1.0,27.0,,  I08N,1227.0,2.0,20191221.0,408.0,-18.4975,79.9997,5071,99.6,22.7164,22.7113,2.0,34.9342,2.0,,9.0,167.4,2.0,,9.0,,9.0,,9.0,,9.0,,9.0,,9.0,,9.0,,9.0,,9.0,,9.0,,9.0,,9.0,,9.0,,9.0,,9.0,,9.0,8.588,2.0,8.588,2.0,1.244,1.0,,9.0,,9.0,,9.0,0.417,2.0,98.507,2.0,22.7113,2.0,,,,,['I08N'],2019-12-05,2019-12-27,Akiko
1252,65.0,1.0,26.0,,  I08N,1226.0,2.0,20191221.0,408.0,-18.4975,79.9997,5071,99.4,22.7089,22.7032,2.0,34.9238,2.0,,9.0,166.9,2.0,,9.0,,9.0,,9.0,,9.0,,9.0,,9.0,,9.0,,9.0,,9.0,,9.0,,9.0,,9.0,,9.0,,9.0,,9.0,,9.0,8.58,2.0,8.58,2.0,1.23,1.0,,9.0,,9.0,,9.0,0.405,2.0,98.513,2.0,22.7032,2.0,,,,,['I08N'],2019-12-05,2019-12-27,Akiko
1253,65.0,1.0,25.0,,  I08N,1225.0,2.0,20191221.0,408.0,-18.4975,79.9997,5071,99.8,22.6923,22.6919,2.0,34.9355,2.0,,9.0,166.1,2.0,,9.0,,9.0,,9.0,,9.0,,9.0,,9.0,,9.0,,9.0,,9.0,,9.0,,9.0,,9.0,,9.0,,9.0,,9.0,,9.0,7.968,2.0,7.968,2.0,1.233,1.0,,9.0,,9.0,,9.0,0.428,2.0,98.492,2.0,22.6919,2.0,,,,,['I08N'],2019-12-05,2019-12-27,Akiko
1254,65.0,1.0,24.0,,  I08N,1224.0,2.0,20191221.0,408.0,-18.4975,79.9997,5071,199.1,20.4468,20.4478,2.0,35.6544,2.0,,9.0,189.8,2.0,,9.0,,9.0,,9.0,,9.0,,9.0,,9.0,,9.0,,9.0,,9.0,,9.0,,9.0,,9.0,,9.0,,9.0,,9.0,,9.0,0.0,2.0,0.0,2.0,1.214,1.0,,9.0,,9.0,,9.0,0.1,2.0,99.494,2.0,20.4478,2.0,,,,,['I08N'],2019-12-05,2019-12-27,Akiko
1255,65.0,1.0,23.0,,  I08N,1223.0,2.0,20191221.0,408.0,-18.4975,79.9997,5071,199.1,20.4487,20.4483,2.0,35.6554,2.0,,9.0,189.3,2.0,,9.0,,9.0,,9.0,,9.0,,9.0,,9.0,,9.0,,9.0,,9.0,,9.0,,9.0,,9.0,,9.0,,9.0,,9.0,,9.0,0.0,2.0,0.0,2.0,1.214,1.0,,9.0,,9.0,,9.0,0.076,2.0,99.504,2.0,20.4483,2.0,,,,,['I08N'],2019-12-05,2019-12-27,Akiko
1256,65.0,1.0,22.0,,  I08N,1222.0,2.0,20191221.0,408.0,-18.4975,79.9997,5071,198.7,20.4497,20.4509,2.0,35.6554,2.0,,9.0,189.9,2.0,,9.0,,9.0,,9.0,,9.0,,9.0,,9.0,,9.0,,9.0,,9.0,,9.0,,9.0,,9.0,,9.0,,9.0,,9.0,,9.0,0.0,2.0,0.0,2.0,1.207,1.0,,9.0,,9.0,,9.0,0.083,2.0,99.511,2.0,20.4509,2.0,,,,,['I08N'],2019-12-05,2019-12-27,Akiko
1257,65.0,1.0,21.0,,  I08N,1221.0,2.0,20191221.0,408.0,-18.4975,79.9997,5071,198.4,20.4443,20.4414,2.0,35.6569,2.0,,9.0,190.6,2.0,,9.0,,9.0,,9.0,,9.0,,9.0,,9.0,,9.0,,9.0,,9.0,,9.0,,9.0,,9.0,,9.0,,9.0,,9.0,,9.0,0.0,2.0,0.0,2.0,1.215,1.0,,9.0,,9.0,,9.0,0.068,2.0,99.507,2.0,20.4414,2.0,,,,,['I08N'],2019-12-05,2019-12-27,Akiko
1258,65.0,1.0,20.0,,  I08N,1220.0,2.0,20191221.0,408.0,-18.4975,79.9997,5071,370.5,13.9369,13.9365,2.0,35.3469,2.0,,9.0,216.3,2.0,,9.0,,9.0,,9.0,,9.0,,9.0,,9.0,,9.0,,9.0,,9.0,,9.0,,9.0,,9.0,,9.0,,9.0,,9.0,,9.0,0.0,2.0,0.0,2.0,1.2,1.0,,9.0,,9.0,,9.0,-0.002,2.0,99.772,2.0,13.9365,2.0,,,,,['I08N'],2019-12-05,2019-12-27,Akiko
1259,65.0,1.0,19.0,,  I08N,1219.0,2.0,20191221.0,408.0,-18.4975,79.9997,5071,370.9,13.9372,13.9371,2.0,35.3467,2.0,,9.0,216.2,2.0,,9.0,,9.0,,9.0,,9.0,,9.0,,9.0,,9.0,,9.0,,9.0,,9.0,,9.0,,9.0,,9.0,,9.0,,9.0,,9.0,0.0,2.0,0.0,2.0,1.217,1.0,,9.0,,9.0,,9.0,-0.003,2.0,99.762,2.0,13.9371,2.0,,,,,['I08N'],2019-12-05,2019-12-27,Akiko
1260,65.0,1.0,18.0,,  I08N,1218.0,2.0,20191221.0,408.0,-18.4975,79.9997,5071,370.7,13.9314,13.9309,2.0,35.3461,2.0,,9.0,216.3,2.0,,9.0,,9.0,,9.0,,9.0,,9.0,,9.0,,9.0,,9.0,,9.0,,9.0,,9.0,,9.0,,9.0,,9.0,,9.0,,9.0,0.0,2.0,0.0,2.0,1.22,1.0,,9.0,,9.0,,9.0,-0.003,2.0,99.779,2.0,13.9309,2.0,,,,,['I08N'],2019-12-05,2019-12-27,Akiko
1261,65.0,1.0,17.0,,  I08N,1217.0,2.0,20191221.0,408.0,-18.4975,79.9997,5071,371.3,13.9252,13.9272,2.0,35.3455,2.0,,9.0,216.3,2.0,,9.0,,9.0,,9.0,,9.0,,9.0,,9.0,,9.0,,9.0,,9.0,,9.0,,9.0,,9.0,,9.0,,9.0,,9.0,,9.0,0.0,2.0,0.0,2.0,1.219,1.0,,9.0,,9.0,,9.0,-0.003,2.0,99.781,2.0,13.9272,2.0,,,,,['I08N'],2019-12-05,2019-12-27,Akiko
1262,65.0,1.0,16.0,,  I08N,1216.0,2.0,20191221.0,408.0,-18.4975,79.9997,5071,570.4,9.4112,9.4111,2.0,34.6961,2.0,,9.0,227.2,2.0,,9.0,,9.0,,9.0,,9.0,,9.0,,9.0,,9.0,,9.0,,9.0,,9.0,,9.0,,9.0,,9.0,,9.0,,9.0,,9.0,0.0,2.0,0.0,2.0,1.164,1.0,,9.0,,9.0,,9.0,0.0,2.0,99.859,2.0,9.4111,2.0,,,,,['I08N'],2019-12-05,2019-12-27,Akiko
1263,65.0,1.0,15.0,,  I08N,1215.0,2.0,20191221.0,408.0,-18.4975,79.9997,5071,571.2,9.4092,9.4088,2.0,34.6957,2.0,,9.0,227.1,2.0,,9.0,,9.0,,9.0,,9.0,,9.0,,9.0,,9.0,,9.0,,9.0,,9.0,,9.0,,9.0,,9.0,,9.0,,9.0,,9.0,0.0,2.0,0.0,2.0,1.167,1.0,,9.0,,9.0,,9.0,-0.001,2.0,99.865,2.0,9.4088,2.0,,,,,['I08N'],2019-12-05,2019-12-27,Akiko
1264,65.0,1.0,14.0,,  I08N,1214.0,2.0,20191221.0,408.0,-18.4975,79.9997,5071,570.6,9.4097,9.4096,2.0,34.6958,2.0,,9.0,227.1,2.0,,9.0,,9.0,,9.0,,9.0,,9.0,,9.0,,9.0,,9.0,,9.0,,9.0,,9.0,,9.0,,9.0,,9.0,,9.0,,9.0,0.0,2.0,0.0,2.0,1.164,1.0,,9.0,,9.0,,9.0,0.0,2.0,99.857,2.0,9.4096,2.0,,,,,['I08N'],2019-12-05,2019-12-27,Akiko
1265,65.0,1.0,13.0,,  I08N,1213.0,2.0,20191221.0,408.0,-18.4975,79.9997,5071,570.8,9.408,9.4089,2.0,34.6955,2.0,,9.0,227.0,2.0,,9.0,,9.0,,9.0,,9.0,,9.0,,9.0,,9.0,,9.0,,9.0,,9.0,,9.0,,9.0,,9.0,,9.0,,9.0,,9.0,0.0,2.0,0.0,2.0,1.159,1.0,,9.0,,9.0,,9.0,0.0,2.0,99.857,2.0,9.4089,2.0,,,,,['I08N'],2019-12-05,2019-12-27,Akiko
1266,65.0,1.0,12.0,,  I08N,1212.0,2.0,20191221.0,408.0,-18.4975,79.9997,5071,770.3,6.4807,6.4812,2.0,34.5424,2.0,,9.0,146.4,2.0,,9.0,,9.0,,9.0,,9.0,,9.0,,9.0,,9.0,,9.0,,9.0,,9.0,,9.0,,9.0,,9.0,,9.0,,9.0,,9.0,0.0,2.0,0.0,2.0,1.323,1.0,,9.0,,9.0,,9.0,0.0,2.0,99.846,2.0,6.4812,2.0,,,,,['I08N'],2019-12-05,2019-12-27,Akiko
1267,65.0,1.0,11.0,,  I08N,1211.0,2.0,20191221.0,408.0,-18.4975,79.9997,5071,771.7,6.4756,6.4766,2.0,34.5422,2.0,,9.0,146.4,2.0,,9.0,,9.0,,9.0,,9.0,,9.0,,9.0,,9.0,,9.0,,9.0,,9.0,,9.0,,9.0,,9.0,,9.0,,9.0,,9.0,0.0,2.0,0.0,2.0,1.337,1.0,,9.0,,9.0,,9.0,-0.001,2.0,99.848,2.0,6.4766,2.0,,,,,['I08N'],2019-12-05,2019-12-27,Akiko
1268,65.0,1.0,10.0,,  I08N,1210.0,2.0,20191221.0,408.0,-18.4975,79.9997,5071,771.1,6.4768,6.4771,2.0,34.5426,2.0,,9.0,146.4,2.0,,9.0,,9.0,,9.0,,9.0,,9.0,,9.0,,9.0,,9.0,,9.0,,9.0,,9.0,,9.0,,9.0,,9.0,,9.0,,9.0,0.0,2.0,0.0,2.0,1.343,1.0,,9.0,,9.0,,9.0,-0.001,2.0,99.855,2.0,6.4771,2.0,,,,,['I08N'],2019-12-05,2019-12-27,Akiko
1269,65.0,1.0,9.0,,  I08N,1209.0,2.0,20191221.0,408.0,-18.4975,79.9997,5071,770.5,6.4775,6.478,2.0,34.5425,2.0,,9.0,146.2,2.0,,9.0,,9.0,,9.0,,9.0,,9.0,,9.0,,9.0,,9.0,,9.0,,9.0,,9.0,,9.0,,9.0,,9.0,,9.0,,9.0,0.0,2.0,0.0,2.0,1.333,1.0,,9.0,,9.0,,9.0,-0.001,2.0,99.848,2.0,6.478,2.0,,,,,['I08N'],2019-12-05,2019-12-27,Akiko
1270,65.0,1.0,8.0,,  I08N,12103.0,2.0,20191221.0,408.0,-18.4975,79.9997,5071,972.2,5.09,5.0899,2.0,34.6049,2.0,,9.0,117.3,2.0,,9.0,,9.0,,9.0,,9.0,,9.0,,9.0,,9.0,,9.0,,9.0,,9.0,,9.0,,9.0,,9.0,,9.0,,9.0,,9.0,0.0,2.0,0.0,2.0,1.422,1.0,,9.0,,9.0,,9.0,-0.001,2.0,99.869,2.0,5.0899,2.0,,,,,['I08N'],2019-12-05,2019-12-27,Akiko
1271,65.0,1.0,7.0,,  I08N,1207.0,2.0,20191221.0,408.0,-18.4975,79.9997,5071,972.8,5.089,5.0887,2.0,34.6049,2.0,,9.0,117.3,2.0,,9.0,,9.0,,9.0,,9.0,,9.0,,9.0,,9.0,,9.0,,9.0,,9.0,,9.0,,9.0,,9.0,,9.0,,9.0,,9.0,0.0,2.0,0.0,2.0,1.428,1.0,,9.0,,9.0,,9.0,-0.001,2.0,99.871,2.0,5.0887,2.0,,,,,['I08N'],2019-12-05,2019-12-27,Akiko
1272,65.0,1.0,6.0,,  I08N,1206.0,2.0,20191221.0,408.0,-18.4975,79.9997,5071,972.9,5.0897,5.0895,2.0,34.6048,2.0,,9.0,117.2,2.0,,9.0,,9.0,,9.0,,9.0,,9.0,,9.0,,9.0,,9.0,,9.0,,9.0,,9.0,,9.0,,9.0,,9.0,,9.0,,9.0,0.0,2.0,0.0,2.0,1.431,1.0,,9.0,,9.0,,9.0,0.0,2.0,99.871,2.0,5.0895,2.0,,,,,['I08N'],2019-12-05,2019-12-27,Akiko
1273,65.0,1.0,5.0,,  I08N,1205.0,2.0,20191221.0,408.0,-18.4975,79.9997,5071,972.3,5.0895,5.0893,2.0,34.6048,2.0,,9.0,117.3,2.0,,9.0,,9.0,,9.0,,9.0,,9.0,,9.0,,9.0,,9.0,,9.0,,9.0,,9.0,,9.0,,9.0,,9.0,,9.0,,9.0,0.0,2.0,0.0,2.0,1.435,1.0,,9.0,,9.0,,9.0,-0.001,2.0,99.871,2.0,5.0893,2.0,,,,,['I08N'],2019-12-05,2019-12-27,Akiko
1274,66.0,1.0,36.0,,  I08N,1236.0,2.0,20191221.0,955.0,-18.997,79.9999,4946,10.7,28.1575,28.1554,2.0,35.0162,2.0,35.0156,2.0,200.0,2.0,199.5,2.0,1.68,2.0,0.02,2.0,0.01,2.0,0.1,2.0,0.02,2.0,1.462,2.0,0.951,2.0,0.132,2.0,1.706,2.0,1972.0,2.0,2294.5,2.0,,9.0,0.09,2.0,22.0,2.0,303.5,2.0,69.996,2.0,69.996,2.0,1.06,1.0,,9.0,,9.0,,9.0,0.062,2.0,98.486,2.0,28.1554,2.0,,,,,['I08N'],2019-12-05,2019-12-27,Akiko
1275,66.0,1.0,35.0,,  I08N,1235.0,2.0,20191221.0,955.0,-18.997,79.9999,4946,51.1,25.737,25.719,2.0,34.9388,2.0,34.943,2.0,214.3,2.0,213.8,2.0,1.95,2.0,0.05,2.0,0.01,2.0,0.08,2.0,0.02,2.0,1.663,2.0,1.049,2.0,0.145,2.0,1.801,2.0,1982.0,2.0,2293.5,2.0,,9.0,0.14,2.0,18.8,2.0,302.8,2.0,12.538,2.0,12.538,2.0,1.051,1.0,,9.0,,9.0,,9.0,0.166,2.0,98.214,2.0,25.719,2.0,,,,,['I08N'],2019-12-05,2019-12-27,Akiko
1276,66.0,1.0,34.0,,  I08N,1234.0,2.0,20191221.0,955.0,-18.997,79.9999,4946,100.6,22.6454,22.6485,2.0,35.1835,2.0,35.1983,2.0,189.5,2.0,193.0,2.0,3.62,2.0,1.07,2.0,0.05,2.0,0.21,2.0,0.11,2.0,1.813,2.0,1.141,2.0,0.123,2.0,1.81,2.0,2032.5,2.0,2310.5,2.0,,9.0,0.32,2.0,27.8,2.0,331.9,2.0,0.559,2.0,0.559,2.0,1.184,1.0,,9.0,,9.0,,9.0,0.35,2.0,98.613,2.0,22.6485,2.0,,,,,['I08N'],2019-12-05,2019-12-27,Akiko
1277,66.0,1.0,28.0,,  I08N,1228.0,2.0,20191221.0,955.0,-18.997,79.9999,4946,501.0,10.2418,10.2428,2.0,34.8079,2.0,34.8013,2.0,234.8,2.0,234.8,2.0,3.89,2.0,14.08,2.0,0.0,2.0,1.0,2.0,0.06,2.0,3.597,2.0,2.008,2.0,0.138,2.0,2.052,2.0,2134.2,2.0,2298.6,2.0,,9.0,,9.0,20.3,2.0,435.9,2.0,0.0,2.0,0.0,2.0,1.155,1.0,,9.0,,9.0,,9.0,-0.001,2.0,99.842,2.0,10.2428,2.0,,,,,['I08N'],2019-12-05,2019-12-27,Akiko
1278,66.0,1.0,27.0,,  I08N,1227.0,2.0,20191221.0,955.0,-18.997,79.9999,4946,599.8,8.9605,8.9636,2.0,34.6432,2.0,34.64,2.0,220.8,2.0,220.0,2.0,7.83,2.0,19.06,2.0,0.0,2.0,1.31,2.0,0.05,2.0,3.556,2.0,1.916,2.0,0.126,2.0,1.572,2.0,2147.6,2.0,2294.7,2.0,,9.0,,9.0,28.8,2.0,447.8,2.0,0.0,2.0,0.0,2.0,1.183,1.0,,9.0,,9.0,,9.0,-0.001,2.0,99.871,2.0,8.9636,2.0,,,,,['I08N'],2019-12-05,2019-12-27,Akiko
1279,66.0,1.0,26.0,,  I08N,1226.0,2.0,20191221.0,955.0,-18.997,79.9999,4946,699.5,7.2173,7.2184,2.0,34.5226,2.0,34.5215,2.0,181.8,2.0,180.1,2.0,23.97,2.0,26.72,2.0,0.01,2.0,1.82,2.0,0.04,2.0,2.304,2.0,1.162,2.0,0.067,2.0,0.671,2.0,2186.0,6.0,2300.3,2.0,,9.0,,9.0,28.9,2.0,437.4,2.0,0.0,2.0,0.0,2.0,1.249,1.0,,9.0,,9.0,,9.0,-0.001,2.0,99.88,2.0,7.2184,2.0,,,,,['I08N'],2019-12-05,2019-12-27,Akiko
1280,66.0,1.0,25.0,,  I08N,1225.0,2.0,20191221.0,955.0,-18.997,79.9999,4946,801.2,5.9304,5.9312,2.0,34.5565,2.0,34.5585,2.0,131.9,2.0,130.7,2.0,53.35,2.0,33.16,2.0,0.01,2.0,2.32,2.0,0.04,2.0,0.627,2.0,0.33,2.0,0.019,2.0,0.155,2.0,2241.1,2.0,2323.7,2.0,,9.0,,9.0,15.7,2.0,433.6,2.0,0.0,2.0,0.0,2.0,1.362,1.0,,9.0,,9.0,,9.0,0.0,2.0,99.846,2.0,5.9312,2.0,,,,,['I08N'],2019-12-05,2019-12-27,Akiko
1281,66.0,1.0,24.0,,  I08N,1224.0,2.0,20191221.0,955.0,-18.997,79.9999,4946,900.8,5.287,5.2875,2.0,34.5938,2.0,34.595,2.0,116.4,2.0,116.1,2.0,69.17,2.0,35.08,2.0,0.01,2.0,2.48,2.0,0.07,2.0,0.236,2.0,0.128,2.0,0.005,2.0,0.03,2.0,2264.2,2.0,2342.6,2.0,,9.0,,9.0,20.2,2.0,438.7,2.0,0.0,2.0,0.0,2.0,1.422,1.0,,9.0,,9.0,,9.0,0.0,2.0,99.85,2.0,5.2875,2.0,,,,,['I08N'],2019-12-05,2019-12-27,Akiko
1282,66.0,1.0,23.0,,  I08N,1223.0,2.0,20191221.0,955.0,-18.997,79.9999,4946,1000.0,4.9365,4.9361,2.0,34.6321,2.0,34.6324,2.0,110.2,2.0,110.0,2.0,79.06,2.0,35.79,2.0,0.01,2.0,2.54,2.0,0.07,2.0,0.106,2.0,0.057,2.0,0.003,2.0,0.027,2.0,2281.7,2.0,2352.3,2.0,,9.0,,9.0,25.8,2.0,447.0,2.0,0.0,2.0,0.0,2.0,1.457,1.0,,9.0,,9.0,,9.0,-0.001,2.0,99.859,2.0,4.9361,2.0,,,,,['I08N'],2019-12-05,2019-12-27,Akiko
1283,66.0,1.0,22.0,,  I08N,1222.0,2.0,20191221.0,955.0,-18.997,79.9999,4946,1201.2,4.2842,4.2846,2.0,34.6585,2.0,34.6588,2.0,113.6,2.0,113.4,2.0,89.11,2.0,36.09,2.0,0.01,2.0,2.56,2.0,0.07,2.0,0.039,2.0,0.02,2.0,0.002,2.0,0.007,2.0,2289.6,2.0,2362.2,6.0,,9.0,,9.0,16.9,2.0,449.5,2.0,0.0,2.0,0.0,2.0,1.461,1.0,,9.0,,9.0,,9.0,0.0,2.0,99.869,2.0,4.2846,2.0,,,,,['I08N'],2019-12-05,2019-12-27,Akiko
1284,66.0,1.0,21.0,,  I08N,1221.0,2.0,20191221.0,955.0,-18.997,79.9999,4946,1400.9,3.8229,3.8232,2.0,34.7016,2.0,34.7019,2.0,117.7,2.0,117.5,2.0,98.03,2.0,35.96,2.0,0.01,2.0,2.56,2.0,0.08,2.0,0.022,2.0,0.01,2.0,0.0,2.0,0.005,2.0,2296.0,2.0,2371.3,2.0,,9.0,,9.0,12.5,2.0,466.7,2.0,0.0,2.0,0.0,2.0,1.486,1.0,,9.0,,9.0,,9.0,0.0,2.0,99.871,2.0,3.8232,2.0,,,,,['I08N'],2019-12-05,2019-12-27,Akiko
1285,66.0,1.0,20.0,,  I08N,1220.0,2.0,20191221.0,955.0,-18.997,79.9999,4946,1600.7,3.3063,3.307,2.0,34.711,2.0,34.7095,2.0,130.0,2.0,130.0,2.0,101.73,2.0,35.46,2.0,0.01,2.0,2.51,2.0,0.06,2.0,0.015,2.0,0.006,2.0,0.002,2.0,0.002,2.0,2295.4,2.0,2375.3,2.0,,9.0,,9.0,13.3,2.0,459.8,2.0,0.0,2.0,0.0,2.0,1.467,1.0,,9.0,,9.0,,9.0,-0.001,2.0,99.876,2.0,3.307,2.0,,,,,['I08N'],2019-12-05,2019-12-27,Akiko
1286,66.0,1.0,19.0,,  I08N,1219.0,2.0,20191221.0,955.0,-18.997,79.9999,4946,1801.3,2.8865,2.8858,2.0,34.7208,2.0,34.7199,2.0,140.0,2.0,140.2,2.0,106.43,2.0,34.99,2.0,0.01,2.0,2.46,2.0,0.06,2.0,0.015,2.0,0.004,2.0,0.0,2.0,0.005,2.0,2295.7,2.0,2378.8,2.0,,9.0,,9.0,,9.0,,9.0,0.0,2.0,0.0,2.0,1.469,1.0,,9.0,,9.0,,9.0,-0.001,2.0,99.886,2.0,2.8858,2.0,,,,,['I08N'],2019-12-05,2019-12-27,Akiko
1287,66.0,1.0,18.0,,  I08N,1218.0,2.0,20191221.0,955.0,-18.997,79.9999,4946,2000.1,2.5221,2.5227,2.0,34.7255,2.0,34.725,2.0,150.1,2.0,150.1,2.0,110.13,2.0,34.45,2.0,0.01,2.0,2.42,2.0,0.06,2.0,0.013,2.0,0.004,2.0,0.0,2.0,0.015,2.0,2293.0,2.0,2382.2,2.0,,9.0,,9.0,,9.0,,9.0,0.0,2.0,0.0,2.0,1.453,1.0,,9.0,,9.0,,9.0,0.0,2.0,99.878,2.0,2.5227,2.0,,,,,['I08N'],2019-12-05,2019-12-27,Akiko
1288,66.0,1.0,17.0,,  I08N,1217.0,2.0,20191221.0,955.0,-18.997,79.9999,4946,2200.0,2.2506,2.2513,2.0,34.7263,2.0,34.726,2.0,159.1,2.0,159.3,2.0,111.92,2.0,34.07,2.0,0.0,2.0,2.38,2.0,0.05,2.0,0.015,2.0,0.005,2.0,0.003,2.0,0.005,2.0,2293.2,2.0,2384.5,2.0,,9.0,,9.0,,9.0,,9.0,0.0,2.0,0.0,2.0,1.439,1.0,,9.0,,9.0,,9.0,-0.001,2.0,99.89,2.0,2.2513,2.0,,,,,['I08N'],2019-12-05,2019-12-27,Akiko
1289,66.0,1.0,16.0,,  I08N,1216.0,2.0,20191221.0,955.0,-18.997,79.9999,4946,2399.8,2.0413,2.0416,2.0,34.727,2.0,34.7264,2.0,165.6,2.0,165.8,2.0,113.63,2.0,33.71,2.0,0.0,2.0,2.35,2.0,0.06,2.0,0.014,2.0,0.004,2.0,0.001,2.0,0.004,2.0,2290.1,6.0,2386.4,2.0,,9.0,,9.0,,9.0,,9.0,0.0,2.0,0.0,2.0,1.423,1.0,,9.0,,9.0,,9.0,-0.001,2.0,99.876,2.0,2.0416,2.0,,,,,['I08N'],2019-12-05,2019-12-27,Akiko
1290,66.0,1.0,15.0,,  I08N,1215.0,2.0,20191221.0,955.0,-18.997,79.9999,4946,2602.6,1.884,1.8837,2.0,34.7274,2.0,34.7264,2.0,170.2,2.0,170.2,2.0,115.87,2.0,33.56,2.0,0.01,2.0,2.32,2.0,0.04,2.0,0.013,2.0,0.005,2.0,0.003,2.0,0.016,2.0,2293.0,2.0,2385.5,2.0,,9.0,,9.0,,9.0,,9.0,0.0,2.0,0.0,2.0,1.418,1.0,,9.0,,9.0,,9.0,-0.001,2.0,99.886,2.0,1.8837,2.0,,,,,['I08N'],2019-12-05,2019-12-27,Akiko
1291,66.0,1.0,14.0,,  I08N,1214.0,2.0,20191221.0,955.0,-18.997,79.9999,4946,2799.9,1.7855,1.7848,2.0,34.7273,2.0,34.7262,2.0,172.8,2.0,173.0,2.0,117.96,2.0,33.55,2.0,0.01,2.0,2.31,2.0,0.06,2.0,0.014,2.0,0.003,2.0,0.0,2.0,0.005,2.0,2291.5,2.0,2388.9,2.0,,9.0,,9.0,,9.0,,9.0,0.0,2.0,0.0,2.0,1.407,1.0,,9.0,,9.0,,9.0,-0.001,2.0,99.892,2.0,1.7848,2.0,,,,,['I08N'],2019-12-05,2019-12-27,Akiko
1292,66.0,1.0,13.0,,  I08N,1213.0,2.0,20191221.0,955.0,-18.997,79.9999,4946,3002.6,1.6747,1.6745,2.0,34.7263,2.0,34.7259,2.0,174.8,2.0,175.0,2.0,121.13,2.0,33.51,2.0,0.01,2.0,2.32,2.0,0.05,2.0,0.016,2.0,0.005,2.0,0.002,2.0,0.002,2.0,2290.8,2.0,2393.8,2.0,,9.0,,9.0,,9.0,,9.0,0.0,2.0,0.0,2.0,1.408,1.0,,9.0,,9.0,,9.0,0.0,2.0,99.895,2.0,1.6745,2.0,,,,,['I08N'],2019-12-05,2019-12-27,Akiko
1293,66.0,1.0,12.0,,  I08N,1212.0,2.0,20191221.0,955.0,-18.997,79.9999,4946,3252.2,1.564,1.564,2.0,34.7248,2.0,34.7241,2.0,177.5,2.0,177.7,2.0,123.99,2.0,33.56,2.0,0.01,2.0,2.31,2.0,0.03,2.0,0.014,2.0,0.003,2.0,0.002,2.0,0.009,2.0,2293.7,2.0,2395.2,6.0,,9.0,,9.0,,9.0,,9.0,0.0,2.0,0.0,2.0,1.405,1.0,,9.0,,9.0,,9.0,0.0,2.0,99.897,2.0,1.564,2.0,,,,,['I08N'],2019-12-05,2019-12-27,Akiko
1294,66.0,1.0,11.0,,  I08N,1211.0,2.0,20191221.0,955.0,-18.997,79.9999,4946,3500.4,1.4844,1.4844,2.0,34.7232,2.0,34.7232,2.0,179.9,2.0,179.9,2.0,125.83,2.0,33.53,2.0,0.01,2.0,2.31,2.0,0.03,2.0,0.011,2.0,0.003,2.0,0.003,2.0,0.008,2.0,2293.2,2.0,2395.5,2.0,,9.0,,9.0,,9.0,,9.0,0.0,2.0,0.0,2.0,1.4,1.0,,9.0,,9.0,,9.0,0.0,2.0,99.892,2.0,1.4844,2.0,,,,,['I08N'],2019-12-05,2019-12-27,Akiko
1295,66.0,1.0,10.0,,  I08N,1210.0,2.0,20191221.0,955.0,-18.997,79.9999,4946,3749.3,1.4172,1.417,2.0,34.7213,2.0,34.7208,2.0,183.3,2.0,183.2,2.0,126.24,2.0,33.41,2.0,0.01,2.0,2.29,2.0,0.04,2.0,0.011,2.0,0.003,2.0,0.0,2.0,0.004,2.0,2292.6,2.0,2397.3,2.0,,9.0,,9.0,,9.0,,9.0,0.0,2.0,0.0,2.0,1.394,1.0,,9.0,,9.0,,9.0,0.0,2.0,99.897,2.0,1.417,2.0,,,,,['I08N'],2019-12-05,2019-12-27,Akiko
1296,66.0,1.0,9.0,,  I08N,1209.0,2.0,20191221.0,955.0,-18.997,79.9999,4946,3998.0,1.3843,1.3846,2.0,34.7194,2.0,34.7192,2.0,183.4,2.0,183.5,2.0,128.97,2.0,33.45,2.0,0.01,2.0,2.3,2.0,0.04,2.0,0.017,2.0,0.005,2.0,0.0,2.0,0.009,2.0,2295.4,2.0,2401.6,2.0,,9.0,,9.0,,9.0,,9.0,0.0,2.0,0.0,2.0,1.403,1.0,,9.0,,9.0,,9.0,0.0,2.0,99.897,2.0,1.3846,2.0,,,,,['I08N'],2019-12-05,2019-12-27,Akiko
1297,66.0,1.0,8.0,,  I08N,12103.0,2.0,20191221.0,955.0,-18.997,79.9999,4946,4249.9,1.3768,1.3768,2.0,34.7181,2.0,34.7182,2.0,183.3,2.0,183.2,2.0,130.48,2.0,33.57,2.0,0.0,2.0,2.3,2.0,0.05,2.0,0.015,2.0,0.005,2.0,0.0,2.0,0.0,2.0,2297.4,6.0,2402.3,2.0,,9.0,,9.0,,9.0,,9.0,0.0,2.0,0.0,2.0,1.414,1.0,,9.0,,9.0,,9.0,0.0,2.0,99.895,2.0,1.3768,2.0,,,,,['I08N'],2019-12-05,2019-12-27,Akiko
1298,66.0,1.0,7.0,,  I08N,1207.0,2.0,20191221.0,955.0,-18.997,79.9999,4946,4499.8,1.3812,1.3813,2.0,34.7173,2.0,34.7176,2.0,183.3,2.0,183.5,2.0,131.54,2.0,33.53,2.0,0.0,2.0,2.31,2.0,0.06,2.0,0.015,2.0,0.004,2.0,0.002,2.0,0.014,2.0,2298.0,2.0,2402.9,2.0,,9.0,,9.0,,9.0,,9.0,0.0,2.0,0.0,2.0,1.414,1.0,,9.0,,9.0,,9.0,0.0,2.0,99.89,2.0,1.3813,2.0,,,,,['I08N'],2019-12-05,2019-12-27,Akiko
1299,66.0,1.0,6.0,,  I08N,1206.0,2.0,20191221.0,955.0,-18.997,79.9999,4946,4752.2,1.3986,1.3986,2.0,34.7169,2.0,34.7172,2.0,183.6,2.0,183.7,2.0,131.83,2.0,33.55,2.0,0.0,2.0,2.3,2.0,0.06,2.0,0.015,2.0,0.003,2.0,0.0,2.0,0.005,2.0,2297.6,2.0,2405.2,6.0,,9.0,,9.0,,9.0,,9.0,0.0,2.0,0.0,2.0,1.418,1.0,,9.0,,9.0,,9.0,-0.001,2.0,99.873,2.0,1.3986,2.0,,,,,['I08N'],2019-12-05,2019-12-27,Akiko
1300,66.0,1.0,2.0,,  I08N,12046.0,2.0,20191221.0,955.0,-18.997,79.9999,4946,68.5,23.9402,23.9408,2.0,35.0915,2.0,35.088,2.0,212.6,2.0,212.7,2.0,1.83,2.0,0.02,2.0,0.01,2.0,0.08,2.0,0.03,2.0,,9.0,,9.0,,9.0,,9.0,1994.6,2.0,2302.5,2.0,,9.0,0.71,2.0,13.1,2.0,279.5,2.0,3.662,2.0,3.662,2.0,1.089,1.0,,9.0,,9.0,,9.0,0.75,2.0,96.98,2.0,23.9408,2.0,,,,,['I08N'],2019-12-05,2019-12-27,Akiko
1301,66.0,1.0,1.0,,  I08N,1201.0,2.0,20191221.0,955.0,-18.997,79.9999,4946,5016.5,1.4234,1.4234,2.0,34.7167,2.0,34.7165,2.0,184.0,2.0,184.0,2.0,131.45,2.0,33.46,2.0,0.0,2.0,2.31,2.0,0.07,2.0,0.019,2.0,0.005,2.0,0.002,2.0,0.004,2.0,2297.3,2.0,2405.6,2.0,,9.0,,9.0,,9.0,,9.0,0.0,2.0,0.0,2.0,1.426,1.0,,9.0,,9.0,,9.0,-0.001,2.0,99.873,2.0,1.4234,2.0,,,,,['I08N'],2019-12-05,2019-12-27,Akiko
1302,68.0,1.0,36.0,,  I08N,1236.0,2.0,20191221.0,2132.0,-20.0001,80.0002,4866,10.7,26.7716,26.7718,2.0,35.2491,2.0,35.247,2.0,204.3,2.0,204.5,2.0,1.95,2.0,0.03,2.0,0.01,2.0,0.06,2.0,0.03,2.0,1.602,2.0,0.995,2.0,0.14,2.0,1.669,2.0,2001.4,2.0,2315.2,2.0,71.1,2.0,0.07,2.0,31.0,2.0,300.7,2.0,0.42,2.0,0.42,2.0,1.06,1.0,0.185,2.0,0.097,2.0,0.026,2.0,0.049,2.0,98.868,2.0,26.7718,2.0,10.6,,9.0,,['I08N'],2019-12-05,2019-12-27,Akiko
1303,68.0,1.0,35.0,,  I08N,1235.0,2.0,20191221.0,2132.0,-20.0001,80.0002,4866,50.9,24.9588,24.965,2.0,35.2495,2.0,35.2503,2.0,216.9,2.0,216.1,2.0,1.91,2.0,0.04,2.0,0.0,2.0,0.05,2.0,0.03,2.0,1.731,2.0,1.072,2.0,0.151,2.0,1.732,2.0,2001.4,2.0,2314.4,2.0,74.9,2.0,0.09,2.0,22.7,2.0,297.3,2.0,0.0,2.0,0.0,2.0,1.047,1.0,0.179,2.0,0.094,2.0,0.014,2.0,0.115,2.0,98.467,2.0,24.965,2.0,50.6,7.041999801204456,2.0,6.878539446501087,['I08N'],2019-12-05,2019-12-27,Akiko
1304,68.0,1.0,34.0,,  I08N,1234.0,2.0,20191221.0,2132.0,-20.0001,80.0002,4866,99.7,22.2527,22.2528,2.0,35.4572,2.0,35.4596,2.0,216.1,2.0,215.7,2.0,2.05,2.0,0.03,2.0,0.0,2.0,0.09,2.0,0.03,2.0,1.88,2.0,1.162,2.0,0.151,2.0,1.755,2.0,2026.2,2.0,2326.3,2.0,70.7,2.0,0.17,2.0,21.6,2.0,315.6,2.0,0.0,2.0,0.0,2.0,1.091,1.0,0.252,2.0,0.135,2.0,0.025,2.0,0.185,2.0,98.838,2.0,22.2528,2.0,99.1,,9.0,,['I08N'],2019-12-05,2019-12-27,Akiko
1305,68.0,1.0,33.0,,  I08N,1233.0,2.0,20191221.0,2132.0,-20.0001,80.0002,4866,150.1,21.1361,21.1365,2.0,35.6381,2.0,35.6489,2.0,205.7,2.0,205.7,2.0,2.15,2.0,0.3,2.0,0.19,2.0,0.14,2.0,0.03,2.0,1.973,2.0,1.211,2.0,0.144,2.0,1.773,2.0,2058.8,2.0,2339.8,2.0,62.3,2.0,0.19,2.0,26.1,2.0,346.5,2.0,0.0,2.0,0.0,2.0,1.15,1.0,0.213,2.0,0.119,2.0,0.022,2.0,0.226,2.0,99.163,2.0,21.1365,2.0,149.1,8.171890863115987,2.0,7.967926830077781,['I08N'],2019-12-05,2019-12-27,Akiko
1306,68.0,1.0,32.0,,  I08N,1232.0,2.0,20191221.0,2132.0,-20.0001,80.0002,4866,198.3,19.895,19.8912,2.0,35.7687,2.0,35.7687,2.0,200.2,2.0,200.7,2.0,2.38,2.0,1.49,2.0,0.02,2.0,0.2,2.0,0.02,2.0,2.067,2.0,1.272,2.0,0.087,2.0,1.834,2.0,2079.6,2.0,2348.1,2.0,58.8,2.0,0.03,2.0,29.2,2.0,412.5,2.0,0.0,2.0,0.0,2.0,1.188,1.0,0.215,2.0,0.119,2.0,0.027,2.0,0.033,2.0,99.54,2.0,19.8912,2.0,197.0,,9.0,,['I08N'],2019-12-05,2019-12-27,Akiko
1307,68.0,1.0,31.0,,  I08N,1231.0,2.0,20191221.0,2132.0,-20.0001,80.0002,4866,249.5,18.1355,18.1345,2.0,35.742,2.0,35.743,2.0,200.2,2.0,200.5,2.0,2.49,2.0,2.61,2.0,0.01,2.0,0.29,2.0,0.03,2.0,2.244,2.0,1.371,2.0,0.037,2.0,1.855,2.0,2102.7,2.0,2347.5,2.0,52.6,2.0,0.01,2.0,35.1,2.0,413.9,2.0,0.0,2.0,0.0,2.0,1.226,1.0,,9.0,,9.0,,9.0,0.002,2.0,99.677,2.0,18.1345,2.0,247.8,9.568476932433665,2.0,9.317801533051043,['I08N'],2019-12-05,2019-12-27,Akiko
1308,68.0,1.0,30.0,,  I08N,1230.0,2.0,20191221.0,2132.0,-20.0001,80.0002,4866,330.1,15.3609,15.3611,2.0,35.5481,2.0,35.534,2.0,215.0,2.0,215.9,2.0,2.01,2.0,4.45,2.0,0.01,2.0,0.42,2.0,0.03,2.0,2.575,2.0,1.558,2.0,0.054,2.0,1.95,2.0,2115.7,2.0,2338.5,2.0,50.2,2.0,,9.0,15.9,2.0,424.0,2.0,0.0,2.0,0.0,2.0,1.205,1.0,0.205,2.0,0.116,2.0,0.024,2.0,-0.002,2.0,99.768,2.0,15.3611,2.0,327.8,,9.0,,['I08N'],2019-12-05,2019-12-27,Akiko
1309,68.0,1.0,29.0,,  I08N,1229.0,2.0,20191221.0,2132.0,-20.0001,80.0002,4866,430.6,11.9537,11.9531,2.0,35.0627,2.0,35.0592,2.0,226.9,2.0,227.4,2.0,3.23,2.0,10.27,2.0,0.01,2.0,0.77,2.0,0.03,2.0,3.045,2.0,1.8,2.0,0.1,2.0,1.972,2.0,2128.2,2.0,2313.4,2.0,44.9,2.0,,9.0,21.6,2.0,428.2,2.0,0.0,2.0,0.0,2.0,1.164,1.0,0.193,2.0,0.109,2.0,0.021,2.0,-0.001,2.0,99.793,2.0,11.9531,2.0,427.5,12.630379918226359,2.0,12.279504098043837,['I08N'],2019-12-05,2019-12-27,Akiko
1310,68.0,1.0,28.0,,  I08N,1228.0,2.0,20191221.0,2132.0,-20.0001,80.0002,4866,530.2,10.0997,10.0938,2.0,34.7876,2.0,34.7915,2.0,233.9,2.0,234.2,2.0,4.07,2.0,14.48,2.0,0.01,2.0,1.02,2.0,0.04,2.0,3.367,2.0,1.933,2.0,0.134,2.0,1.921,2.0,2135.8,2.0,2297.8,2.0,45.8,2.0,,9.0,24.1,2.0,433.8,2.0,0.0,2.0,0.0,2.0,1.153,1.0,0.185,2.0,0.104,2.0,0.022,2.0,-0.001,2.0,99.827,2.0,10.0938,2.0,526.3,,9.0,,['I08N'],2019-12-05,2019-12-27,Akiko
1311,68.0,1.0,27.0,,  I08N,1227.0,2.0,20191221.0,2132.0,-20.0001,80.0002,4866,630.0,8.8244,8.8253,2.0,34.6289,2.0,34.6245,2.0,217.8,2.0,216.5,2.0,8.84,2.0,19.97,2.0,0.0,2.0,1.36,2.0,0.05,2.0,3.273,2.0,1.819,2.0,0.12,2.0,1.394,2.0,2151.0,2.0,2293.3,2.0,44.0,2.0,,9.0,25.3,2.0,440.9,2.0,0.0,2.0,0.0,2.0,1.175,1.0,0.201,2.0,0.105,2.0,0.021,2.0,-0.001,2.0,99.857,2.0,8.8253,2.0,625.2,14.806692612250554,2.0,14.379524384529716,['I08N'],2019-12-05,2019-12-27,Akiko
1312,68.0,1.0,26.0,,  I08N,1226.0,2.0,20191221.0,2132.0,-20.0001,80.0002,4866,729.1,7.381,7.3743,2.0,34.5295,2.0,34.5272,2.0,185.0,2.0,184.0,2.0,22.07,2.0,26.25,2.0,0.0,2.0,1.78,2.0,0.03,2.0,2.296,2.0,1.191,2.0,0.077,2.0,0.655,2.0,2183.8,6.0,2299.9,2.0,41.6,2.0,,9.0,25.1,2.0,431.5,2.0,0.0,2.0,0.0,2.0,1.242,1.0,,9.0,,9.0,,9.0,0.0,2.0,99.871,2.0,7.3743,2.0,723.4,,9.0,,['I08N'],2019-12-05,2019-12-27,Akiko
1313,68.0,1.0,25.0,,  I08N,1225.0,2.0,20191221.0,2132.0,-20.0001,80.0002,4866,829.3,5.872,5.8715,2.0,34.5003,2.0,34.5015,2.0,154.1,2.0,153.7,2.0,42.88,2.0,31.74,2.0,0.01,2.0,2.18,2.0,0.08,2.0,1.109,2.0,0.546,2.0,0.041,2.0,0.229,2.0,2222.7,2.0,2317.3,2.0,39.3,2.0,,9.0,26.4,2.0,433.9,2.0,0.0,2.0,0.0,2.0,1.319,1.0,0.262,2.0,0.144,2.0,0.029,2.0,0.0,2.0,99.871,2.0,5.8715,2.0,822.6,22.825865392195645,2.0,22.140135450408756,['I08N'],2019-12-05,2019-12-27,Akiko
1314,68.0,1.0,24.0,,  I08N,1224.0,2.0,20191221.0,2132.0,-20.0001,80.0002,4866,928.1,5.0976,5.0976,2.0,34.5371,2.0,34.5401,2.0,134.5,2.0,133.5,2.0,61.67,2.0,34.37,2.0,0.0,2.0,2.4,2.0,0.03,2.0,0.44,2.0,0.219,2.0,0.019,2.0,0.084,2.0,2252.0,2.0,2333.7,2.0,41.5,2.0,,9.0,24.0,2.0,440.5,2.0,0.0,2.0,0.0,2.0,1.376,1.0,,9.0,,9.0,,9.0,0.0,2.0,99.871,2.0,5.0976,2.0,920.4,,9.0,,['I08N'],2019-12-05,2019-12-27,Akiko
1315,68.0,1.0,23.0,,  I08N,1223.0,2.0,20191221.0,2132.0,-20.0001,80.0002,4866,1070.8,4.4734,4.4746,2.0,34.5901,2.0,34.5902,2.0,123.9,2.0,123.7,2.0,76.68,2.0,35.7,2.0,0.0,2.0,2.5,2.0,0.01,2.0,0.129,2.0,0.066,2.0,0.004,2.0,0.011,2.0,2272.1,2.0,2350.4,2.0,40.7,2.0,,9.0,18.9,2.0,439.2,2.0,0.0,2.0,0.0,2.0,1.42,1.0,0.297,2.0,0.153,2.0,0.027,2.0,-0.001,2.0,99.871,2.0,4.4746,2.0,1061.6,26.987121843631993,2.0,26.141790832531363,['I08N'],2019-12-05,2019-12-27,Akiko
1316,68.0,1.0,22.0,,  I08N,1222.0,2.0,20191221.0,2132.0,-20.0001,80.0002,4866,1270.3,3.9499,3.9481,2.0,34.6584,2.0,34.6607,2.0,122.0,2.0,122.2,2.0,90.02,2.0,35.86,2.0,0.01,2.0,2.53,2.0,0.05,2.0,0.036,2.0,0.018,2.0,0.002,2.0,0.004,2.0,2287.8,2.0,2365.4,6.0,37.3,2.0,,9.0,12.9,2.0,446.6,2.0,0.0,2.0,0.0,2.0,1.454,1.0,,9.0,,9.0,,9.0,-0.001,2.0,99.865,2.0,3.9481,2.0,1258.7,,9.0,,['I08N'],2019-12-05,2019-12-27,Akiko
1317,68.0,1.0,21.0,,  I08N,1221.0,2.0,20191221.0,2132.0,-20.0001,80.0002,4866,1470.8,3.5401,3.5404,2.0,34.7015,2.0,34.7019,2.0,126.0,2.0,126.0,2.0,98.44,2.0,35.64,2.0,0.0,2.0,2.51,2.0,0.04,2.0,0.021,2.0,0.009,2.0,0.001,2.0,0.018,2.0,2294.9,2.0,2373.0,2.0,37.9,2.0,,9.0,26.5,2.0,448.8,2.0,0.0,2.0,0.0,2.0,1.472,1.0,0.318,2.0,0.167,2.0,0.03,2.0,-0.001,2.0,99.871,2.0,3.5404,2.0,1456.6,26.052671397834885,2.0,25.187107474949606,['I08N'],2019-12-05,2019-12-27,Akiko
1318,68.0,1.0,20.0,,  I08N,1220.0,2.0,20191221.0,2132.0,-20.0001,80.0002,4866,1669.3,3.114,3.1145,2.0,34.7178,2.0,34.7181,2.0,134.6,2.0,134.8,2.0,104.16,2.0,35.37,2.0,0.01,2.0,2.48,2.0,0.04,2.0,0.019,2.0,0.007,2.0,0.001,2.0,0.015,2.0,2296.4,2.0,2378.1,2.0,36.1,2.0,,9.0,,9.0,456.1,2.0,0.0,2.0,0.0,2.0,1.462,1.0,,9.0,,9.0,,9.0,-0.001,2.0,99.871,2.0,3.1145,2.0,1652.5,,9.0,,['I08N'],2019-12-05,2019-12-27,Akiko
1319,68.0,1.0,19.0,,  I08N,1219.0,2.0,20191221.0,2132.0,-20.0001,80.0002,4866,1870.4,2.7032,2.7035,2.0,34.7246,2.0,34.7254,2.0,144.7,2.0,144.6,2.0,108.64,2.0,34.93,2.0,0.01,2.0,2.44,2.0,0.04,2.0,0.015,2.0,0.006,2.0,0.001,2.0,0.008,2.0,2295.7,2.0,2382.0,2.0,39.0,2.0,,9.0,,9.0,,9.0,0.0,2.0,0.0,2.0,1.461,1.0,0.298,2.0,0.159,2.0,0.023,2.0,-0.001,2.0,99.871,2.0,2.7035,2.0,1850.7,24.216343942259744,2.0,23.36803014907342,['I08N'],2019-12-05,2019-12-27,Akiko
1320,68.0,1.0,18.0,,  I08N,1218.0,2.0,20191221.0,2132.0,-20.0001,80.0002,4866,2070.5,2.4121,2.413,2.0,34.7264,2.0,34.7273,2.0,153.4,2.0,153.2,2.0,111.16,2.0,34.51,2.0,0.0,2.0,2.4,2.0,0.05,2.0,0.014,2.0,0.005,2.0,0.002,2.0,0.027,2.0,2295.9,2.0,2383.9,2.0,29.8,4.0,,9.0,,9.0,,9.0,0.0,2.0,0.0,2.0,1.45,1.0,,9.0,,9.0,,9.0,-0.001,2.0,99.871,2.0,2.413,2.0,2047.7,,9.0,,['I08N'],2019-12-05,2019-12-27,Akiko
1321,68.0,1.0,17.0,,  I08N,1217.0,2.0,20191221.0,2132.0,-20.0001,80.0002,4866,2270.9,2.1663,2.1661,2.0,34.7264,2.0,34.7266,2.0,161.8,2.0,161.8,2.0,112.5,2.0,34.05,2.0,0.01,2.0,2.36,2.0,0.04,2.0,0.015,2.0,0.005,2.0,0.001,2.0,0.002,2.0,2291.8,2.0,2385.0,2.0,40.6,2.0,,9.0,,9.0,,9.0,0.0,2.0,0.0,2.0,1.422,1.0,0.321,2.0,0.174,2.0,0.033,2.0,0.0,2.0,99.88,2.0,2.1661,2.0,2244.9,21.980991895450988,2.0,21.17265482456715,['I08N'],2019-12-05,2019-12-27,Akiko
1322,68.0,1.0,16.0,,  I08N,1216.0,2.0,20191221.0,2132.0,-20.0001,80.0002,4866,2470.4,1.9701,1.97,2.0,34.7261,2.0,34.7263,2.0,169.3,2.0,169.2,2.0,113.43,2.0,33.61,2.0,0.01,2.0,2.32,2.0,0.04,2.0,0.015,2.0,0.005,2.0,0.001,2.0,0.014,2.0,2290.2,6.0,2384.8,2.0,39.9,2.0,,9.0,,9.0,,9.0,0.0,2.0,0.0,2.0,1.414,1.0,,9.0,,9.0,,9.0,0.0,2.0,99.873,2.0,1.97,2.0,2441.0,,9.0,,['I08N'],2019-12-05,2019-12-27,Akiko
1323,68.0,1.0,15.0,,  I08N,1215.0,2.0,20191221.0,2132.0,-20.0001,80.0002,4866,2671.0,1.8239,1.8238,2.0,34.7258,2.0,34.7257,2.0,175.8,2.0,175.8,2.0,113.31,2.0,33.07,2.0,0.0,2.0,2.28,2.0,0.04,2.0,0.016,2.0,0.007,2.0,0.0,2.0,0.013,2.0,2282.8,2.0,2381.5,2.0,40.1,2.0,,9.0,,9.0,,9.0,0.0,2.0,0.0,2.0,1.402,1.0,0.283,2.0,0.144,2.0,0.022,2.0,-0.001,2.0,99.897,2.0,1.8238,2.0,2637.9,19.76599824615414,2.0,19.005503421594177,['I08N'],2019-12-05,2019-12-27,Akiko
1324,68.0,1.0,14.0,,  I08N,1214.0,2.0,20191221.0,2132.0,-20.0001,80.0002,4866,2870.8,1.7039,1.7036,2.0,34.7261,2.0,34.7265,2.0,179.5,2.0,179.6,2.0,115.38,2.0,33.14,2.0,0.01,2.0,2.27,2.0,0.05,2.0,0.019,2.0,0.007,2.0,0.008,2.0,0.009,2.0,2286.0,2.0,2387.8,2.0,32.2,4.0,,9.0,,9.0,,9.0,0.0,2.0,0.0,2.0,1.391,1.0,,9.0,,9.0,,9.0,0.0,2.0,99.895,2.0,1.7036,2.0,2833.9,,9.0,,['I08N'],2019-12-05,2019-12-27,Akiko
1325,68.0,1.0,13.0,,  I08N,1213.0,2.0,20191221.0,2132.0,-20.0001,80.0002,4866,3080.9,1.6028,1.6029,2.0,34.7259,2.0,34.7259,2.0,180.5,2.0,180.7,2.0,118.73,2.0,33.21,2.0,0.0,2.0,2.28,2.0,0.05,2.0,0.015,2.0,0.006,2.0,0.003,2.0,0.006,2.0,2288.1,2.0,2389.2,2.0,37.6,2.0,,9.0,,9.0,,9.0,0.0,2.0,0.0,2.0,1.392,1.0,0.298,2.0,0.16,2.0,0.026,2.0,0.0,2.0,99.895,2.0,1.6029,2.0,3039.8,19.86982607346493,2.0,19.071381112915205,['I08N'],2019-12-05,2019-12-27,Akiko
1326,68.0,1.0,12.0,,  I08N,1212.0,2.0,20191221.0,2132.0,-20.0001,80.0002,4866,3330.6,1.4964,1.4964,2.0,34.7248,2.0,34.7247,2.0,183.3,2.0,183.3,2.0,121.31,2.0,33.19,2.0,0.0,2.0,2.27,2.0,0.02,2.0,0.013,2.0,0.004,2.0,0.0,2.0,0.009,2.0,2288.4,2.0,2391.5,6.0,39.2,2.0,,9.0,,9.0,,9.0,0.0,2.0,0.0,2.0,1.387,1.0,,9.0,,9.0,,9.0,0.0,2.0,99.897,2.0,1.4964,2.0,3284.3,,9.0,,['I08N'],2019-12-05,2019-12-27,Akiko
1327,68.0,1.0,11.0,,  I08N,1211.0,2.0,20191221.0,2132.0,-20.0001,80.0002,4866,3581.1,1.4085,1.4085,2.0,34.7221,2.0,34.7212,2.0,184.4,2.0,184.4,2.0,124.79,2.0,33.35,2.0,0.0,2.0,2.28,2.0,0.04,2.0,0.012,2.0,0.004,2.0,0.001,2.0,0.018,2.0,2290.8,2.0,2396.6,2.0,39.8,2.0,,9.0,,9.0,,9.0,0.0,2.0,0.0,2.0,1.391,1.0,0.28,2.0,0.139,2.0,0.017,2.0,0.0,2.0,99.897,2.0,1.4085,2.0,3529.4,17.76680361048365,2.0,17.01647744783123,['I08N'],2019-12-05,2019-12-27,Akiko
1328,68.0,1.0,10.0,,  I08N,1210.0,2.0,20191221.0,2132.0,-20.0001,80.0002,4866,3830.3,1.3755,1.3756,2.0,34.7203,2.0,34.7205,2.0,185.0,2.0,185.0,2.0,126.75,2.0,33.46,2.0,0.0,2.0,2.28,2.0,0.03,2.0,0.013,2.0,0.003,2.0,0.001,2.0,0.004,2.0,2294.5,2.0,2399.9,2.0,39.5,2.0,,9.0,,9.0,,9.0,0.0,2.0,0.0,2.0,1.392,1.0,,9.0,,9.0,,9.0,0.0,2.0,99.897,2.0,1.3756,2.0,3772.8,,9.0,,['I08N'],2019-12-05,2019-12-27,Akiko
1329,68.0,1.0,9.0,,  I08N,1209.0,2.0,20191221.0,2132.0,-20.0001,80.0002,4866,4080.8,1.3652,1.3652,2.0,34.7185,2.0,34.7183,2.0,183.9,2.0,183.9,2.0,129.64,2.0,33.64,2.0,0.0,2.0,2.3,2.0,0.04,2.0,0.015,2.0,0.004,2.0,0.0,2.0,0.018,2.0,2298.0,2.0,2402.3,2.0,38.7,2.0,,9.0,,9.0,,9.0,0.0,2.0,0.0,2.0,1.399,1.0,0.288,2.0,0.157,2.0,0.023,2.0,-0.001,2.0,99.897,2.0,1.3652,2.0,4017.3,20.14670027962704,2.0,19.25565529913883,['I08N'],2019-12-05,2019-12-27,Akiko
1330,68.0,1.0,8.0,,  I08N,12103.0,2.0,20191221.0,2132.0,-20.0001,80.0002,4866,4333.5,1.3714,1.3715,2.0,34.7177,2.0,34.7178,2.0,183.5,2.0,183.5,2.0,131.03,2.0,33.54,2.0,0.0,2.0,2.3,2.0,0.04,2.0,0.018,2.0,0.005,2.0,0.003,2.0,0.005,2.0,2301.8,6.0,2404.9,2.0,39.2,2.0,,9.0,,9.0,,9.0,0.0,2.0,0.0,2.0,1.409,1.0,,9.0,,9.0,,9.0,0.0,2.0,99.886,2.0,1.3715,2.0,4263.6,,9.0,,['I08N'],2019-12-05,2019-12-27,Akiko
1331,68.0,1.0,7.0,,  I08N,1207.0,2.0,20191221.0,2132.0,-20.0001,80.0002,4866,4580.8,1.3907,1.3908,2.0,34.7172,2.0,34.7174,2.0,183.5,2.0,183.4,2.0,131.57,2.0,33.74,2.0,0.0,2.0,2.31,2.0,0.04,2.0,0.019,2.0,0.005,2.0,0.01,2.0,0.018,2.0,2299.5,2.0,2407.2,2.0,42.2,2.0,,9.0,,9.0,,9.0,0.0,2.0,0.0,2.0,1.405,1.0,0.272,2.0,0.143,2.0,0.018,2.0,-0.001,2.0,99.871,2.0,1.3908,2.0,4504.4,19.603131066058786,2.0,18.697733752115347,['I08N'],2019-12-05,2019-12-27,Akiko
1332,68.0,1.0,6.0,,  I08N,1206.0,2.0,20191221.0,2132.0,-20.0001,80.0002,4866,4829.9,1.4169,1.4169,2.0,34.7171,2.0,34.7169,2.0,183.4,2.0,183.4,2.0,131.72,2.0,33.68,2.0,0.01,2.0,2.31,2.0,0.05,2.0,0.022,2.0,0.006,2.0,0.001,2.0,0.024,2.0,2300.5,2.0,2406.0,6.0,40.0,2.0,,9.0,,9.0,,9.0,0.0,2.0,0.0,2.0,1.428,1.0,,9.0,,9.0,,9.0,-0.001,2.0,99.871,2.0,1.4169,2.0,4746.7,,9.0,,['I08N'],2019-12-05,2019-12-27,Akiko
1333,68.0,1.0,5.0,,  I08N,1205.0,2.0,20191221.0,2132.0,-20.0001,80.0002,4866,10.5,26.7721,26.7693,2.0,35.2492,2.0,,9.0,204.2,2.0,,9.0,,9.0,,9.0,,9.0,,9.0,,9.0,,9.0,,9.0,,9.0,,9.0,,9.0,,9.0,,9.0,,9.0,,9.0,,9.0,0.435,2.0,0.435,2.0,1.064,1.0,,9.0,,9.0,,9.0,0.043,2.0,98.853,2.0,26.7693,2.0,,,,,['I08N'],2019-12-05,2019-12-27,Akiko
1334,68.0,1.0,3.0,,  I08N,1203.0,2.0,20191221.0,2132.0,-20.0001,80.0002,4866,4934.1,1.4291,1.4292,2.0,34.7172,2.0,,9.0,183.5,2.0,,9.0,,9.0,,9.0,,9.0,,9.0,,9.0,,9.0,,9.0,,9.0,,9.0,,9.0,,9.0,,9.0,,9.0,,9.0,,9.0,0.0,2.0,0.0,2.0,1.422,1.0,,9.0,,9.0,,9.0,0.0,2.0,99.871,2.0,1.4292,2.0,,,,,['I08N'],2019-12-05,2019-12-27,Akiko
1335,68.0,1.0,2.0,,  I08N,12046.0,2.0,20191221.0,2132.0,-20.0001,80.0002,4866,141.1,21.3689,21.369,2.0,35.6021,2.0,35.6025,2.0,210.1,2.0,210.0,2.0,2.0,2.0,0.1,2.0,0.09,2.0,0.11,2.0,0.03,2.0,,9.0,,9.0,,9.0,,9.0,2046.1,2.0,2336.3,2.0,66.2,2.0,0.27,2.0,23.5,2.0,322.5,2.0,0.0,2.0,0.0,2.0,1.139,1.0,0.205,2.0,0.105,2.0,0.013,2.0,0.29,2.0,98.982,2.0,21.369,2.0,140.2,,9.0,,['I08N'],2019-12-05,2019-12-27,Akiko
1336,68.0,1.0,1.0,,  I08N,1201.0,2.0,20191221.0,2132.0,-20.0001,80.0002,4866,4934.3,1.4291,1.4291,2.0,34.7171,2.0,34.7174,2.0,183.5,2.0,183.5,2.0,131.6,2.0,33.62,2.0,0.01,2.0,2.31,2.0,0.02,2.0,0.016,2.0,0.004,2.0,0.002,2.0,0.009,2.0,2300.0,2.0,2407.2,2.0,42.7,2.0,,9.0,,9.0,,9.0,0.0,2.0,0.0,2.0,1.413,1.0,0.314,2.0,0.18,2.0,0.03,2.0,0.0,2.0,99.871,2.0,1.4291,2.0,4848.1,19.910542868488776,2.0,18.96379068390929,['I08N'],2019-12-05,2019-12-27,Akiko
1337,69.0,1.0,36.0,,  I08N,1236.0,2.0,20191222.0,417.0,-20.4961,79.9998,4859,9.8,26.7967,26.7981,2.0,35.2371,2.0,,9.0,204.9,2.0,,9.0,1.88,2.0,0.0,2.0,0.0,2.0,0.05,2.0,0.11,2.0,,9.0,,9.0,,9.0,,9.0,,9.0,,9.0,,9.0,,9.0,,9.0,,9.0,792.886,2.0,792.886,2.0,1.011,1.0,,9.0,,9.0,,9.0,0.026,2.0,98.731,2.0,26.7981,2.0,9.8,6.665369447233945,2.0,6.5154841456092365,['I08N'],2019-12-05,2019-12-27,Akiko
1338,69.0,1.0,35.0,,  I08N,1235.0,2.0,20191222.0,417.0,-20.4961,79.9998,4859,9.8,26.8081,26.817,2.0,35.2373,2.0,,9.0,204.8,2.0,,9.0,,9.0,,9.0,,9.0,,9.0,,9.0,,9.0,,9.0,,9.0,,9.0,,9.0,,9.0,,9.0,,9.0,,9.0,,9.0,568.746,2.0,568.746,2.0,1.011,1.0,,9.0,,9.0,,9.0,0.025,2.0,98.769,2.0,26.817,2.0,,,,,['I08N'],2019-12-05,2019-12-27,Akiko
1339,69.0,1.0,34.0,,  I08N,1234.0,3.0,20191222.0,417.0,-20.4961,79.9998,4859,0.7,26.8346,26.7729,2.0,35.2386,2.0,,9.0,205.1,2.0,,9.0,1.92,2.0,0.02,2.0,0.0,2.0,0.05,2.0,0.1,2.0,,9.0,,9.0,,9.0,,9.0,,9.0,,9.0,,9.0,,9.0,,9.0,,9.0,2562.796,2.0,2562.796,2.0,1.011,1.0,,9.0,,9.0,,9.0,0.018,2.0,98.739,2.0,26.7729,2.0,0.7,,9.0,,['I08N'],2019-12-05,2019-12-27,Akiko
1340,69.0,1.0,33.0,,  I08N,1233.0,3.0,20191222.0,417.0,-20.4961,79.9998,4859,0.7,26.8346,26.7729,2.0,35.2386,2.0,,9.0,205.1,2.0,,9.0,,9.0,,9.0,,9.0,,9.0,,9.0,,9.0,,9.0,,9.0,,9.0,,9.0,,9.0,,9.0,,9.0,,9.0,,9.0,2562.796,2.0,2562.796,2.0,1.011,1.0,,9.0,,9.0,,9.0,0.018,2.0,98.739,2.0,26.7729,2.0,,,,,['I08N'],2019-12-05,2019-12-27,Akiko
1341,69.0,1.0,32.0,,  I08N,1232.0,2.0,20191222.0,417.0,-20.4961,79.9998,4859,59.7,23.9172,23.9142,2.0,35.295,2.0,,9.0,222.3,2.0,,9.0,1.85,2.0,0.06,2.0,0.0,2.0,0.07,2.0,0.1,2.0,,9.0,,9.0,,9.0,,9.0,,9.0,,9.0,,9.0,,9.0,,9.0,,9.0,38.182,2.0,38.182,2.0,1.073,1.0,,9.0,,9.0,,9.0,0.082,2.0,98.391,2.0,23.9142,2.0,59.3,7.017569724190153,2.0,6.852093858383989,['I08N'],2019-12-05,2019-12-27,Akiko
1342,69.0,1.0,31.0,,  I08N,1231.0,2.0,20191222.0,417.0,-20.4961,79.9998,4859,59.8,23.9276,23.9194,2.0,35.2944,2.0,,9.0,222.2,2.0,,9.0,,9.0,,9.0,,9.0,,9.0,,9.0,,9.0,,9.0,,9.0,,9.0,,9.0,,9.0,,9.0,,9.0,,9.0,,9.0,36.918,2.0,36.918,2.0,1.054,1.0,,9.0,,9.0,,9.0,0.085,2.0,98.438,2.0,23.9194,2.0,,,,,['I08N'],2019-12-05,2019-12-27,Akiko
1343,69.0,1.0,30.0,,  I08N,1230.0,2.0,20191222.0,417.0,-20.4961,79.9998,4859,119.5,21.9791,21.9762,2.0,35.4827,2.0,,9.0,207.9,2.0,,9.0,2.39,2.0,0.03,2.0,0.0,2.0,0.1,2.0,0.07,2.0,,9.0,,9.0,,9.0,,9.0,,9.0,,9.0,,9.0,,9.0,,9.0,,9.0,14.32,2.0,14.32,2.0,1.179,1.0,,9.0,,9.0,,9.0,0.26,2.0,98.714,2.0,21.9762,2.0,118.8,,9.0,,['I08N'],2019-12-05,2019-12-27,Akiko
1344,69.0,1.0,29.0,,  I08N,1229.0,2.0,20191222.0,417.0,-20.4961,79.9998,4859,120.2,21.9729,21.972,2.0,35.4834,2.0,,9.0,207.7,2.0,,9.0,,9.0,,9.0,,9.0,,9.0,,9.0,,9.0,,9.0,,9.0,,9.0,,9.0,,9.0,,9.0,,9.0,,9.0,,9.0,13.875,2.0,13.875,2.0,1.186,1.0,,9.0,,9.0,,9.0,0.275,2.0,98.714,2.0,21.972,2.0,,,,,['I08N'],2019-12-05,2019-12-27,Akiko
1345,69.0,1.0,28.0,,  I08N,1228.0,2.0,20191222.0,417.0,-20.4961,79.9998,4859,140.3,21.5193,21.5177,2.0,35.5652,2.0,,9.0,209.5,2.0,,9.0,2.09,2.0,0.13,2.0,0.05,2.0,0.11,2.0,0.08,2.0,,9.0,,9.0,,9.0,,9.0,,9.0,,9.0,,9.0,,9.0,,9.0,,9.0,1.778,2.0,1.778,2.0,1.18,1.0,,9.0,,9.0,,9.0,0.31,2.0,98.906,2.0,21.5177,2.0,139.4,8.14135326684811,2.0,7.939732666879475,['I08N'],2019-12-05,2019-12-27,Akiko
1346,69.0,1.0,27.0,,  I08N,1227.0,2.0,20191222.0,417.0,-20.4961,79.9998,4859,140.4,21.5178,21.5172,2.0,35.5652,2.0,,9.0,209.4,2.0,,9.0,,9.0,,9.0,,9.0,,9.0,,9.0,,9.0,,9.0,,9.0,,9.0,,9.0,,9.0,,9.0,,9.0,,9.0,,9.0,5.125,2.0,5.125,2.0,1.168,1.0,,9.0,,9.0,,9.0,0.302,2.0,98.912,2.0,21.5172,2.0,,,,,['I08N'],2019-12-05,2019-12-27,Akiko
1347,69.0,1.0,26.0,,  I08N,1226.0,2.0,20191222.0,417.0,-20.4961,79.9998,4859,148.6,21.3215,21.3099,2.0,35.5885,2.0,,9.0,206.0,2.0,,9.0,2.29,2.0,0.68,2.0,0.13,2.0,0.13,2.0,0.08,2.0,,9.0,,9.0,,9.0,,9.0,,9.0,,9.0,,9.0,,9.0,,9.0,,9.0,3.357,2.0,3.357,2.0,1.218,1.0,,9.0,,9.0,,9.0,0.216,2.0,99.022,2.0,21.3099,2.0,147.7,,9.0,,['I08N'],2019-12-05,2019-12-27,Akiko
1348,69.0,1.0,25.0,,  I08N,1225.0,2.0,20191222.0,417.0,-20.4961,79.9998,4859,148.8,21.3103,21.309,2.0,35.5892,2.0,,9.0,204.9,2.0,,9.0,,9.0,,9.0,,9.0,,9.0,,9.0,,9.0,,9.0,,9.0,,9.0,,9.0,,9.0,,9.0,,9.0,,9.0,,9.0,3.375,2.0,3.375,2.0,1.209,1.0,,9.0,,9.0,,9.0,0.225,2.0,99.022,2.0,21.309,2.0,,,,,['I08N'],2019-12-05,2019-12-27,Akiko
1349,69.0,1.0,24.0,,  I08N,1224.0,2.0,20191222.0,417.0,-20.4961,79.9998,4859,160.6,21.0366,21.0364,2.0,35.6569,2.0,,9.0,206.2,2.0,,9.0,2.17,2.0,0.49,2.0,0.21,2.0,0.13,2.0,0.08,2.0,,9.0,,9.0,,9.0,,9.0,,9.0,,9.0,,9.0,,9.0,,9.0,,9.0,0.701,2.0,0.701,2.0,1.158,1.0,,9.0,,9.0,,9.0,0.196,2.0,99.163,2.0,21.0364,2.0,159.5,7.614070771289394,2.0,7.423397879283699,['I08N'],2019-12-05,2019-12-27,Akiko
1350,69.0,1.0,23.0,,  I08N,1223.0,2.0,20191222.0,417.0,-20.4961,79.9998,4859,160.1,21.0368,21.0385,2.0,35.6578,2.0,,9.0,206.1,2.0,,9.0,,9.0,,9.0,,9.0,,9.0,,9.0,,9.0,,9.0,,9.0,,9.0,,9.0,,9.0,,9.0,,9.0,,9.0,,9.0,1.081,2.0,1.081,2.0,1.163,1.0,,9.0,,9.0,,9.0,0.177,2.0,99.165,2.0,21.0385,2.0,,,,,['I08N'],2019-12-05,2019-12-27,Akiko
1351,69.0,1.0,22.0,,  I08N,1222.0,2.0,20191222.0,417.0,-20.4961,79.9998,4859,170.2,20.7145,20.7139,2.0,35.6924,2.0,,9.0,204.7,2.0,,9.0,2.25,2.0,0.87,2.0,0.17,2.0,0.15,2.0,0.07,2.0,,9.0,,9.0,,9.0,,9.0,,9.0,,9.0,,9.0,,9.0,,9.0,,9.0,0.247,2.0,0.247,2.0,1.175,1.0,,9.0,,9.0,,9.0,0.153,2.0,99.268,2.0,20.7139,2.0,169.1,,9.0,,['I08N'],2019-12-05,2019-12-27,Akiko
1352,69.0,1.0,21.0,,  I08N,1221.0,2.0,20191222.0,417.0,-20.4961,79.9998,4859,169.9,20.7132,20.7135,2.0,35.6932,2.0,,9.0,205.0,2.0,,9.0,,9.0,,9.0,,9.0,,9.0,,9.0,,9.0,,9.0,,9.0,,9.0,,9.0,,9.0,,9.0,,9.0,,9.0,,9.0,0.216,2.0,0.216,2.0,1.175,1.0,,9.0,,9.0,,9.0,0.131,2.0,99.277,2.0,20.7135,2.0,,,,,['I08N'],2019-12-05,2019-12-27,Akiko
1353,69.0,1.0,20.0,,  I08N,1220.0,2.0,20191222.0,417.0,-20.4961,79.9998,4859,181.0,20.4906,20.4906,2.0,35.711,2.0,,9.0,202.9,2.0,,9.0,2.29,2.0,1.77,2.0,0.07,2.0,0.18,2.0,0.08,2.0,,9.0,,9.0,,9.0,,9.0,,9.0,,9.0,,9.0,,9.0,,9.0,,9.0,0.102,2.0,0.102,2.0,1.187,1.0,,9.0,,9.0,,9.0,0.085,2.0,99.344,2.0,20.4906,2.0,179.8,7.770830432131174,2.0,7.574172264941514,['I08N'],2019-12-05,2019-12-27,Akiko
1354,69.0,1.0,19.0,,  I08N,1219.0,2.0,20191222.0,417.0,-20.4961,79.9998,4859,180.3,20.4904,20.4906,2.0,35.7114,2.0,,9.0,202.9,2.0,,9.0,,9.0,,9.0,,9.0,,9.0,,9.0,,9.0,,9.0,,9.0,,9.0,,9.0,,9.0,,9.0,,9.0,,9.0,,9.0,0.165,2.0,0.165,2.0,1.186,1.0,,9.0,,9.0,,9.0,0.093,2.0,99.351,2.0,20.4906,2.0,,,,,['I08N'],2019-12-05,2019-12-27,Akiko
1355,69.0,1.0,18.0,,  I08N,1218.0,2.0,20191222.0,417.0,-20.4961,79.9998,4859,190.1,20.3675,20.3674,2.0,35.7307,2.0,,9.0,205.7,2.0,,9.0,2.23,2.0,1.0,2.0,0.08,2.0,0.17,2.0,0.05,2.0,,9.0,,9.0,,9.0,,9.0,,9.0,,9.0,,9.0,,9.0,,9.0,,9.0,0.042,2.0,0.042,2.0,1.166,1.0,,9.0,,9.0,,9.0,0.065,2.0,99.378,2.0,20.3674,2.0,188.9,,9.0,,['I08N'],2019-12-05,2019-12-27,Akiko
1356,69.0,1.0,17.0,,  I08N,1217.0,2.0,20191222.0,417.0,-20.4961,79.9998,4859,190.2,20.364,20.3655,2.0,35.7308,2.0,,9.0,205.4,2.0,,9.0,,9.0,,9.0,,9.0,,9.0,,9.0,,9.0,,9.0,,9.0,,9.0,,9.0,,9.0,,9.0,,9.0,,9.0,,9.0,0.104,2.0,0.104,2.0,1.161,1.0,,9.0,,9.0,,9.0,0.055,2.0,99.403,2.0,20.3655,2.0,,,,,['I08N'],2019-12-05,2019-12-27,Akiko
1357,69.0,1.0,16.0,,  I08N,1216.0,2.0,20191222.0,417.0,-20.4961,79.9998,4859,198.8,20.0591,20.0583,2.0,35.7405,2.0,,9.0,199.2,2.0,,9.0,2.49,2.0,1.58,2.0,0.02,2.0,0.21,2.0,0.04,2.0,,9.0,,9.0,,9.0,,9.0,,9.0,,9.0,,9.0,,9.0,,9.0,,9.0,0.0,2.0,0.0,2.0,1.203,1.0,,9.0,,9.0,,9.0,0.064,2.0,99.437,2.0,20.0583,2.0,197.5,8.432478351268557,2.0,8.217344891085613,['I08N'],2019-12-05,2019-12-27,Akiko
1358,69.0,1.0,15.0,,  I08N,1215.0,2.0,20191222.0,417.0,-20.4961,79.9998,4859,198.9,20.0583,20.0586,2.0,35.7405,2.0,,9.0,199.2,2.0,,9.0,,9.0,,9.0,,9.0,,9.0,,9.0,,9.0,,9.0,,9.0,,9.0,,9.0,,9.0,,9.0,,9.0,,9.0,,9.0,0.0,2.0,0.0,2.0,1.209,1.0,,9.0,,9.0,,9.0,0.065,2.0,99.452,2.0,20.0586,2.0,,,,,['I08N'],2019-12-05,2019-12-27,Akiko
1359,69.0,1.0,14.0,,  I08N,1214.0,2.0,20191222.0,417.0,-20.4961,79.9998,4859,225.4,19.0785,19.0777,2.0,35.7855,2.0,,9.0,198.1,2.0,,9.0,2.67,2.0,2.3,2.0,0.01,2.0,0.25,2.0,0.04,2.0,,9.0,,9.0,,9.0,,9.0,,9.0,,9.0,,9.0,,9.0,,9.0,,9.0,0.06,2.0,0.06,2.0,1.227,1.0,,9.0,,9.0,,9.0,0.018,2.0,99.566,2.0,19.0777,2.0,223.9,,9.0,,['I08N'],2019-12-05,2019-12-27,Akiko
1360,69.0,1.0,13.0,,  I08N,1213.0,2.0,20191222.0,417.0,-20.4961,79.9998,4859,225.1,19.0788,19.0786,2.0,35.7855,2.0,,9.0,198.1,2.0,,9.0,,9.0,,9.0,,9.0,,9.0,,9.0,,9.0,,9.0,,9.0,,9.0,,9.0,,9.0,,9.0,,9.0,,9.0,,9.0,0.085,2.0,0.085,2.0,1.215,1.0,,9.0,,9.0,,9.0,0.012,2.0,99.561,2.0,19.0786,2.0,,,,,['I08N'],2019-12-05,2019-12-27,Akiko
1361,69.0,1.0,12.0,,  I08N,1212.0,2.0,20191222.0,417.0,-20.4961,79.9998,4859,251.9,18.299,18.2987,2.0,35.7696,2.0,,9.0,199.0,2.0,,9.0,2.85,2.0,2.89,2.0,0.01,2.0,0.29,2.0,0.04,2.0,,9.0,,9.0,,9.0,,9.0,,9.0,,9.0,,9.0,,9.0,,9.0,,9.0,0.0,2.0,0.0,2.0,1.225,1.0,,9.0,,9.0,,9.0,-0.003,2.0,99.608,2.0,18.2987,2.0,250.2,8.723603435689006,2.0,8.495143448649436,['I08N'],2019-12-05,2019-12-27,Akiko
1362,69.0,1.0,11.0,,  I08N,1211.0,2.0,20191222.0,417.0,-20.4961,79.9998,4859,252.0,18.294,18.294,2.0,35.7692,2.0,,9.0,198.9,2.0,,9.0,,9.0,,9.0,,9.0,,9.0,,9.0,,9.0,,9.0,,9.0,,9.0,,9.0,,9.0,,9.0,,9.0,,9.0,,9.0,0.0,2.0,0.0,2.0,1.242,1.0,,9.0,,9.0,,9.0,-0.003,2.0,99.601,2.0,18.294,2.0,,,,,['I08N'],2019-12-05,2019-12-27,Akiko
1363,69.0,1.0,10.0,,  I08N,1210.0,2.0,20191222.0,417.0,-20.4961,79.9998,4859,273.8,17.5092,17.5089,2.0,35.7236,2.0,,9.0,200.2,2.0,,9.0,3.2,2.0,3.54,2.0,0.01,2.0,0.34,2.0,0.02,2.0,,9.0,,9.0,,9.0,,9.0,,9.0,,9.0,,9.0,,9.0,,9.0,,9.0,0.0,2.0,0.0,2.0,1.224,1.0,,9.0,,9.0,,9.0,-0.003,2.0,99.665,2.0,17.5089,2.0,271.9,,9.0,,['I08N'],2019-12-05,2019-12-27,Akiko
1364,69.0,1.0,9.0,,  I08N,1209.0,2.0,20191222.0,417.0,-20.4961,79.9998,4859,274.0,17.5064,17.5059,2.0,35.7235,2.0,,9.0,200.1,2.0,,9.0,,9.0,,9.0,,9.0,,9.0,,9.0,,9.0,,9.0,,9.0,,9.0,,9.0,,9.0,,9.0,,9.0,,9.0,,9.0,0.0,2.0,0.0,2.0,1.227,1.0,,9.0,,9.0,,9.0,-0.003,2.0,99.667,2.0,17.5059,2.0,,,,,['I08N'],2019-12-05,2019-12-27,Akiko
1365,69.0,1.0,8.0,,  I08N,12103.0,2.0,20191222.0,417.0,-20.4961,79.9998,4859,300.4,16.4731,16.4733,2.0,35.6467,2.0,,9.0,209.4,2.0,,9.0,2.42,2.0,3.44,2.0,0.01,2.0,0.36,2.0,0.04,2.0,,9.0,,9.0,,9.0,,9.0,,9.0,,9.0,,9.0,,9.0,,9.0,,9.0,0.0,2.0,0.0,2.0,1.22,1.0,,9.0,,9.0,,9.0,-0.003,2.0,99.709,2.0,16.4733,2.0,298.3,9.617337086462273,2.0,9.360297364782188,['I08N'],2019-12-05,2019-12-27,Akiko
1366,69.0,1.0,7.0,,  I08N,1207.0,2.0,20191222.0,417.0,-20.4961,79.9998,4859,300.6,16.4655,16.4651,2.0,35.6458,2.0,,9.0,209.4,2.0,,9.0,,9.0,,9.0,,9.0,,9.0,,9.0,,9.0,,9.0,,9.0,,9.0,,9.0,,9.0,,9.0,,9.0,,9.0,,9.0,0.0,2.0,0.0,2.0,1.226,1.0,,9.0,,9.0,,9.0,-0.003,2.0,99.722,2.0,16.4651,2.0,,,,,['I08N'],2019-12-05,2019-12-27,Akiko
1367,69.0,1.0,6.0,,  I08N,1206.0,2.0,20191222.0,417.0,-20.4961,79.9998,4859,330.1,15.0894,15.0971,2.0,35.4999,2.0,,9.0,214.8,2.0,,9.0,,9.0,,9.0,,9.0,,9.0,,9.0,,9.0,,9.0,,9.0,,9.0,,9.0,,9.0,,9.0,,9.0,,9.0,,9.0,0.0,2.0,0.0,2.0,1.204,1.0,,9.0,,9.0,,9.0,-0.002,2.0,99.776,2.0,15.0971,2.0,,,,,['I08N'],2019-12-05,2019-12-27,Akiko
1368,69.0,1.0,5.0,,  I08N,1205.0,2.0,20191222.0,417.0,-20.4961,79.9998,4859,329.3,15.0574,15.0653,2.0,35.4968,2.0,,9.0,214.8,2.0,,9.0,,9.0,,9.0,,9.0,,9.0,,9.0,,9.0,,9.0,,9.0,,9.0,,9.0,,9.0,,9.0,,9.0,,9.0,,9.0,0.0,2.0,0.0,2.0,1.214,1.0,,9.0,,9.0,,9.0,-0.003,2.0,99.789,2.0,15.0653,2.0,,,,,['I08N'],2019-12-05,2019-12-27,Akiko
1369,69.0,1.0,2.0,,  I08N,12046.0,2.0,20191222.0,417.0,-20.4961,79.9998,4859,130.6,21.7099,21.7076,2.0,35.5297,2.0,,9.0,211.3,2.0,,9.0,2.08,2.0,0.08,2.0,0.01,2.0,0.09,2.0,0.09,2.0,,9.0,,9.0,,9.0,,9.0,,9.0,,9.0,,9.0,,9.0,,9.0,,9.0,5.672,2.0,5.672,2.0,1.175,1.0,,9.0,,9.0,,9.0,0.364,2.0,98.697,2.0,21.7076,2.0,129.8,7.882801618446732,2.0,7.6885011669741985,['I08N'],2019-12-05,2019-12-27,Akiko
1370,69.0,1.0,1.0,,  I08N,1201.0,2.0,20191222.0,417.0,-20.4961,79.9998,4859,130.3,21.7119,21.7057,2.0,35.5293,2.0,,9.0,211.4,2.0,,9.0,,9.0,,9.0,,9.0,,9.0,,9.0,,9.0,,9.0,,9.0,,9.0,,9.0,,9.0,,9.0,,9.0,,9.0,,9.0,3.955,2.0,3.955,2.0,1.177,1.0,,9.0,,9.0,,9.0,0.315,2.0,98.701,2.0,21.7057,2.0,,,,,['I08N'],2019-12-05,2019-12-27,Akiko
